11962.55339
11900.50575
11912.81557
11862.32450
11942.59485
11938.63028
11905.23505
11946.42590
11946.32279
12046.21093
11912.62313
11944.69825
11946.42234
11960.59727
11947.47042
11900.19336
11925.86798
11957.89839
11875.77611
11918.03299
11915.18543
12003.84859
11905.15613
11937.44935
11937.96339
11967.71208
11976.33695
11950.16090
11950.68961
11938.42745
11911.78792
11959.77280
11910.60327
11938.71736
11885.91145
11985.04262
11932.86034
11981.73131
11981.81015
11941.62549
12040.54381
11885.18220
11924.93816
11961.61897
11941.93331
11836.96577
11914.94736
11948.62842
11950.25349
11917.78707
11875.13662
11934.34688
11912.11924
11922.69773
11941.10515
11917.56646
11891.65444
12009.68737
11924.57155
11996.33415
11886.61677
11935.10590
11953.54974
11954.72513
11941.81136
11959.39725
11980.72768
11885.98998
11941.84269
11935.74359
11986.02661
11973.32211
11964.23023
11906.60993
11935.30133
11936.71906
11968.09168
11935.27319
11854.52770
11953.04945
11981.51072
11983.41628
11946.99502
11878.13593
11920.39763
12025.05529
11978.10259
11913.57612
12012.41456
11925.27354
11993.35565
11939.09701
12004.76223
11954.81367
11960.48814
11915.24139
11943.97399
11911.15864
11987.63480
12037.06225
