0.5682301727088643
0.5668363270092719
0.5682504913109794
0.568099569293748
0.5680771649183566
0.5682226440460699
0.5678818450199558
0.5682699433764266
0.5679043898287389
0.5572893280920455
0.5681898835925603
0.5681690270835312
0.5680661181149774
0.5682616755615189
0.5682113892990212
0.5682377669476963
0.5682303643850188
0.5682668407568352
0.5680521557583815
0.5681259580348562
0.5540766322625615
0.5681978412443773
0.5683930720008102
0.5681355479049912
0.5674580863059021
0.4277131960806405
0.5683930704375662
0.5681452519901135
0.5599732041438316
0.567975040388284
0.5678051697866214
0.568393071990701
0.568393071997049
0.5682557562866929
0.5672072816189645
0.5671541845229172
0.567887832835735
0.5679851933240254
0.5681064300370807
0.5682535957508844
0.5676166315778306
0.5683930720008102
0.5535738627035727
0.5682217280588069
0.5683930720008102
0.5682519871871757
0.5578867879190883
0.559700256811342
0.5682217346283029
0.5669924623638237
0.5672655268289735
0.5678192010825897
0.5677736269838857
0.5683930361667425
0.4560202269499956
0.5682556240763401
0.5681193662127103
0.5555060795738197
0.5540050184543709
0.5683930539859418
0.5665827742146262
0.5669793020462116
0.5683926421477137
0.5676196839051031
0.5680144008531219
0.5683930720008102
0.5083309977056354
0.5683930491808723
0.34121149500010467
0.517031549677547
0.5210530814311983
0.5277110483677402
0.5349766948536465
0.5611434491541463
0.4016448567241139
0.44434956518785107
0.5434588033451981
0.5461890527492398
0.5660420221311562
0.5666343027295552
0.5652872400300706
0.5654849613416322
0.5561086971521249
0.5683930720008102
0.4008724593900315
0.5553059302674166
0.567715379422183
0.5683930720008102
0.37885106678077873
0.5157359844862512
0.5185176482145086
0.5211549340354329
0.5260904883935668
0.3619359940135226
0.3999985678943938
0.5364656279777948
0.5683930114032028
0.27737160608427536
0.3365043093416384
0.568393037773826
0.5683930720008102
0.507198664918953
0.5683930516252698
0.5505436009425195
0.5649896136486383
0.5637277232489784
0.5683930720008102
0.5683929148766113
0.37562078065445015
0.31708756005333616
0.5683930720008102
0.5683930612698986
0.40880924859886375
0.5672553764327403
0.17753351076718807
0.5659681023286075
0.21701726565574733
0.5683930719541783
0.5665564262116967
0.5683930297894758
0.5639311593740551
0.5226667938358627
0.5683930719978891
0.16887726390031388
0.5683930720008102
0.567162064288901
0.5657768881896269
0.5683930720008102
0.5683929122595991
0.5503679179319959
0.5634453655573928
0.5683930720008102
0.5656445233842726
0.5550056919117236
0.4055434777362353
0.5683930720006397
0.5632582441302646
0.3718372131112946
0.5164087511567331
0.5183053210955569
0.5006799595950568
0.5683930720008102
0.5683930720008102
0.5683929113733303
0.32349332421976573
0.5683930719903341
0.19255175219948428
0.5683930720005866
0.5444476730270427
0.23332252541424428
0.5315656599900056
0.5683930720008081
0.5336311213215756
0.5683930720008102
0.5683930720008102
0.5683930720008102
0.5656068827595185
0.5113873724824887
0.25290792106713283
0.5140608405820811
0.30042230133792547
0.3455962384953496
0.5189580102559268
0.5683928543382117
0.5683930066700494
0.2989858557675741
0.5259557809432792
0.5611297292387125
0.5287174589945807
0.507223482543739
0.5440966097465735
0.5683929084947027
0.5129525617108132
0.4974750437234635
0.5683930720008081
0.5610874987850243
0.2464025130193153
0.5228373456529185
0.5683930720008102
0.5270672149502268
0.5683930720008102
0.5683928501712415
0.5683930715358761
0.5683930720008065
0.528924435905959
0.24345846093502052
0.5683930720008102
0.1642051229300392
0.29136857161937885
0.5135109900620837
0.5310637150419192
0.5683930720008102
0.5683930719996654
0.5683930720008102
0.5219643909294303
0.5683930720008102
0.5683930720008102
0.353384752402208
0.5683930252330509
0.5683930720008102
0.5683930720008064
0.5260578547953851
0.5683930720008101
0.5683930720008102
0.5683930719895168
0.5683928398167176
0.5683930720008102
0.568393024617766
0.5683930720008102
0.5016654955746727
0.5683926866185264
0.23032692729758636
0.24965821849669076
0.2560735361744831
0.2625311930068462
0.2760179487252193
0.3784295851021636
0.5683930720008102
0.5683927896606679
0.524907364798863
0.3021877033634253
0.37138500917894307
0.568392688193257
0.424727740991512
0.4353343845430237
0.5683930009378511
0.5683930720008062
0.5683929332217121
0.5683930032022024
0.22027068460817079
0.23235147312095064
0.14648863274688423
0.1663744291195724
0.17719106087133776
0.28323491738450635
0.18418077466153465
0.2992690628391076
0.30869125960957394
0.3331344021959758
0.43600553613668014
0.4061349166385452
0.5683926728116502
0.5683929775057286
0.24919338589812595
0.26552257243890964
0.29777218589210214
0.3675260162282598
0.1362739766805337
0.387247351692705
0.40536713541585684
0.5683930717670319
0.5411426876556268
0.5430355041220348
0.5464895241352613
0.5508065383174335
0.2641384310460124
0.3794920378075894
0.41014460890909243
0.5683930717722049
0.568393072000806
0.5683928863871479
0.27971585809814803
0.3144676721372002
0.3514398399121124
0.3585554023848621
0.37222776989291523
0.5683926576869355
0.41415984083396773
0.5683930718497434
0.568392885030019
0.5683930720008102
0.2858084360742404
0.5683927588833693
0.3429916546003531
0.4188820361455596
0.5683928819448661
0.5683930718472056
0.5683926476213361
0.5683930718922443
0.5571989108451728
0.5683930717678454
0.22579632190082954
0.5683930718468523
0.28234186738986666
0.33097285841441615
0.5683926445055889
0.5683913534183781
0.5683930720008087
0.5683929144949227
0.5683930717681437
0.5683928120094927
0.5683926350889906
0.5683929972933126
0.22921597395041657
0.5683928762619588
0.5683930716934452
0.28466600841997036
0.5683930717614502
0.5683930717923668
0.5683930430002433
0.5683928079033416
0.5683930720008102
0.5683926472437009
0.22100123246300465
0.19916327302584513
0.23800213177228177
0.349970420606869
0.5683926927446984
0.5683929938415888
0.5683930716876665
0.5683930717242265
0.5683930717874975
0.5683898787218792
0.5683930718419046
0.5683929436831267
0.5683930719869233
0.35494091394663474
0.5683923185412336
0.5683929932751294
0.34487746728697233
0.5683930330545202
0.5663474039113799
0.5658397093485377
0.5683930707413861
0.568393071692507
0.568393071732675
0.5683930719306223
0.5683930720008074
0.5683930720008102
0.5672901635592759
0.5675374705747285
0.5683048346077614
0.5663199352575893
0.5679950142306579
0.5683926164945289
0.568143820458978
0.5683921515908696
0.5656297713628728
0.5663112258971783
0.5666899639531368
0.568393072000809
0.568393011753278
0.565619294547007
0.5683930280643651
0.5683930332882937
0.5683930378516362
0.5683930638561422
0.5683930661149005
0.5683930720008102
0.5683930682841283
0.568393062072317
0.5683925797769058
0.56839307200081
0.5683930720008102
0.5662864108329909
0.5670959207089288
0.5683930719861938
0.5683930720008102
0.5683930719885576
0.5683930719899454
0.5683924148380919
0.5683930720008102
0.5683930719941389
0.5662752488646203
0.567802229098211
0.5683930718695327
0.5655748897281474
0.5670857098856661
0.5683927195287527
0.5683930719254182
0.5683930719009618
0.568393071914051
0.5683930718685579
0.5676258447601568
0.568393072000809
0.5655533463491798
0.5683930720008102
0.5683930677467023
0.5683930719425527
0.5683923386501476
0.5683924117761975
0.5683930720008102
0.5666353212752079
0.567623044341383
0.5683929810062618
0.5683930719970148
0.5683930720008102
0.5683927151253747
0.5683930718665111
0.5681754758818244
0.5683930719423759
0.5680485715834652
0.5683930720008102
0.5676143780828747
0.5648693797214721
0.5683924705953103
0.5666156268610301
0.5683930647972937
0.5683930719202187
0.5683930719415526
0.5655032762358135
0.5670504912357792
0.5680456167378632
0.5662012727860509
0.5683927087066504
0.5683930719004615
0.5683930719196253
0.5683930719411031
0.5683930720008102
0.5680440992130066
0.5654832648276835
0.5683930719729856
0.5670412244752946
0.5683920335283122
0.56839307186358
0.5683922323312257
0.568393071899733
0.5683923905280028
0.568393071940758
0.5683930719190698
0.5683930720008102
0.10685887650671409
0.0954686322266751
0.5683930719972793
0.5683930719976845
0.5683914787205812
0.5683929778405516
0.568038239276841
0.5683930718625326
0.5683930719930224
0.5683930718989629
0.5683930719184471
0.5683930720008102
0.5665728660501412
0.5683930720008102
0.5670232444848365
0.11189943409762085
0.0976437930301937
0.5678261570755605
0.56839202034647
0.5683923066896714
0.5683925802029866
0.5683930719399475
0.5683930720008102
0.5683930719941808
0.5683930718981977
0.5683930719179029
0.5683927002190748
0.5675877438286004
0.5683930719724127
0.5683930718974859
0.5683930719172928
0.5683930720008102
0.11957031386607338
0.5670061976095405
0.5683930719972888
0.11597383731520844
0.5675820508192732
0.13512621005195696
0.5683930719160578
0.5683924054994185
0.5683925977080887
0.5683930719972315
0.5669928582447454
0.5683930719897696
0.5675661087619396
0.568393071995944
0.5653746143796976
0.5683930719882985
0.09330716296510809
0.11223669401311333
0.5683930719848105
0.5681209287196536
0.5683930718515311
0.5681637270096763
0.5683930718689496
0.5683930718844915
0.5683930718980754
0.13164736648410033
0.5675063403312198
0.10141797199728611
0.09906902488411043
0.15297009958993352
0.5683930378808565
0.5660873321064759
0.5683930611483922
0.1145996815902122
0.13677926422041287
0.5683930719960869
0.5683930673753974
0.5646607988396585
0.568393071993881
0.1525414449822495
0.5683930633633991
0.5683930719878818
0.5683930673541033
0.5683930719959525
0.1324565768169023
0.14224395227547956
0.566961868159926
0.5683930720008102
0.5683930720008102
0.5683930719969694
0.5683930719911553
0.5683930719942654
0.5683930719842792
0.568393071995967
0.5683930417668608
0.5683930094277347
0.5683930719842035
0.5683930720008102
0.5683930649307473
0.568393071996935
0.5683930489383888
0.5683930515873776
0.10530891073873246
0.10820362957542631
0.11795663347690068
0.5683930595592681
0.5683930719841291
0.5652894713912033
0.566047332657621
0.5664746599416065
0.5683930720008102
0.5683930719969199
0.5683930719921843
0.5683930720008102
0.5683930719943077
0.5652766552902246
0.10880684291988475
0.11525326212728909
0.11825024767739287
0.13600342216050637
0.5660321352456521
0.5683930030338855
0.5683930290981455
0.5683930402324873
0.09759224527254709
0.11503914244351537
0.11795873073455451
0.12431351673679192
0.14543914221215296
0.5683930289134661
0.5683930720008102
0.10482538414977398
0.11181560928824182
0.5683930017422515
0.5683930593541986
0.5683930720008102
0.5683930720008102
0.5683930396689685
0.5683930720008069
0.2270486360551247
0.1035369908858718
0.10864631300980761
0.11787778864318829
0.1463134119398338
0.3189854156567888
0.37443652228250124
0.4025974100802428
0.49467827712859763
0.5015519961886057
0.5375653175827125
0.53861173530096
0.5683930678264423
0.25787489120459534
0.5683930718469595
0.11351292201919505
0.5683930714871579
0.5681293464096515
0.2582078508143449
0.5553098501649201
0.10079412205427044
0.5552954558764996
0.4028953309594516
0.5150497849925638
0.540895564556624
0.5673878008632844
0.2850953891751334
0.5346888710175747
0.5436394548450066
0.5462725389333394
0.5503496732358504
0.5679250661629675
0.5679805957213926
0.5680929407213999
0.5681322810823266
0.5681563797037397
0.2590594967530053
0.13804004114821336
0.16040651115060842
0.3216704152647147
0.5683930720008097
0.5683930720008102
0.5683930720008102
0.5552264583428517
0.556771831047297
0.37048800607702637
0.10141870750849215
0.1386783102688113
0.16106287101359298
0.5683930720008098
0.49801695346857144
0.5683930720008102
0.5436220247865857
0.5683930720008102
0.5683930719414586
0.5683930719461696
0.5683930720008102
0.5683930719597138
0.5523161627034452
0.5674105888335637
0.5676377082537137
0.5567308770649038
0.5683930720008102
0.35284785466321256
0.5683930720008102
0.10786396151344724
0.5681000206846353
0.1454627765940772
0.1548593114337684
0.17011074541652899
0.567813635431314
0.47933369649282054
0.5683930720008102
0.49798462682472283
0.5033399724923537
0.5198907564299909
0.5230972779976645
0.5683930596718204
0.4623440244881076
0.5683930720008102
0.5683930720008102
0.5671817500524297
0.5588952211249126
0.5566927458485161
0.5683930720008102
0.5460872738750214
0.5673805161448708
0.5680983014991542
0.22246628554580025
0.5501377343689382
0.5672787384562099
0.20294112851914586
0.15266799935972797
0.1678233225314935
0.5680978099220483
0.4407598476222097
0.3756151027646962
0.3806254717236177
0.5459895123907699
0.3987679914060378
0.40305339804900825
0.46557842023945234
0.5683930720008102
0.5675501589578352
0.567187798221962
0.567721741296166
0.5678237965254166
0.5005316457930576
0.4407962102795229
0.5501001234650051
0.5205523669889359
0.533795195579657
0.5682066491118066
0.25977849100678746
0.44069340941496193
0.5678230997208207
0.5679489274107021
0.5675395898652091
0.5680967199044915
0.5681424873484631
0.3220915647108053
0.5683163826032982
0.22227510753040763
0.5682371034748325
0.5683536241971021
0.5683622831629545
0.5683654048605884
0.5683682037362127
0.5683759422763517
0.5683779957123958
0.5680960063703471
0.5683798001446444
0.1390896819023271
0.16175915466255056
0.5683840276744008
0.568385131811905
0.22198357271899885
0.5683877048585126
0.3751911646430741
0.38939489246771064
0.43547353505472997
0.40265745928014157
0.31362649616623184
0.16165568487095675
0.4829278460734785
0.5678214965684586
0.49977124323970235
0.5023050632265407
0.4451824062481052
0.5681414697300124
0.22176883815121234
0.5366633105535715
0.5395150933996742
0.5408246537675506
0.161493348361253
0.10081590929935408
0.5683930720008102
0.5683930719468017
0.16127601253847454
0.5677166684761804
0.2586609123217922
0.2864247525607111
0.3211525887032546
0.3473486169321017
0.5682801251659565
0.5683658737334386
0.5680136984006079
0.5683769272382856
0.5680944356866202
0.568340308614455
0.2862282694168979
0.5677166254120184
0.567946381007736
0.5683930719637256
0.5683930410568365
0.2581821321622207
0.3695164129993999
0.3797437655522883
0.3892093020630201
0.5667044662546477
0.5683882668667337
0.48534846724495134
0.4926915010965326
0.25793747740195655
0.2857273151165022
0.5211186680856066
0.5683768739162417
0.5683797830235103
0.5340992135490653
0.5365821657158188
0.5390596547166402
0.5457212313093655
0.5560987703944894
0.5682562125838847
0.5456958742886041
0.5682794900124183
0.5682894797670984
0.5677142406823751
0.5679446243283938
0.5683323090315567
0.5680113175651448
0.5683490828002054
0.5683530351392925
0.11117317138495118
0.5551562818249064
0.14895597798685403
0.2772029601658688
0.2830717127317193
0.32133452447097954
0.18302389693617996
0.32693587413872305
0.18877635335227513
0.20146791116642204
0.34299522692467943
0.5680920818079688
0.5683900689959954
0.5683903785132416
0.5683848176843503
0.5683930720008102
0.4802865805016639
0.49768373005287697
0.51569502469635
0.5675288345371203
0.5173848617681203
0.5286238574865914
0.5678156125107456
0.5349249969854406
0.5379119463886682
0.5430440571290581
0.5683655324639609
0.5675281506448699
0.5678151569069868
0.5680913764717297
0.5683796601981391
0.5519168297555491
0.568384784979229
0.5675281148049434
0.5679421782652233
0.5680909110778788
0.5682661026778951
0.5678155733824829
0.5683221867587349
0.5551455713543343
0.10871669377276087
0.4633346321326307
0.15523662047382164
0.2597711192737102
0.5683930720008084
0.5683930720008081
0.5677084661407524
0.5005786081658788
0.5683930720008091
0.5683930720008092
0.2725209895410454
0.2919246111475299
0.5683712594766904
0.3255705472628335
0.36702288054808335
0.44382094581881887
0.1228947560761948
0.5683889022767765
0.5115562855169578
0.5675299911489331
0.47256034255990004
0.5683905277817451
0.5683908374152726
0.5683911096587255
0.5492961637697239
0.5154038454414158
0.5677089625530854
0.5683918745999739
0.5294910313274307
0.5683921241873755
0.5378022354489348
0.5681363871832069
0.5683653192700842
0.5683766173065119
0.5114025004324066
0.552301031709039
0.5682535902687881
0.568009233918567
0.3431788367015204
0.5682941200527541
0.568346647684153
0.5679459255550644
0.28011916962353034
0.5680890672416796
0.5122601079233431
0.5683910426968862
0.5683915561930077
0.5683923140018666
0.5683711272708192
0.5683930719631459
0.5453208878029079
0.479432529765321
0.4877157002648439
0.500106811912684
0.5174143986663327
0.5683930720008092
0.2522253288837651
0.5277981386982454
0.5679472974739805
0.34221819799686626
0.513217009248897
0.5683926251673376
0.5683897424225982
0.5548703445833709
0.5683928418727902
0.5683915523564385
0.5681350375870852
0.5683918315008395
0.5680880426721908
0.568392961176678
0.5683929724085136
0.5683846812814362
0.54523488597034
0.5677314966367765
0.5683876885751769
0.2781144347982466
0.3414159110490959
0.15410233017964
0.5683930720008102
0.5683905766503858
0.568391547978746
0.5683930720008102
0.5678315090348431
0.5680871368180513
0.5674219792917579
0.25022564459338126
0.5683923105663519
0.5683930720008102
0.5683930720008074
0.5683930715522906
0.5683930714796154
0.5681339841036342
0.3133488533988167
0.15272190428343213
0.5683930720008102
0.5683889800415693
0.5556470353389446
0.5683930720008082
0.37854250619723645
0.568390569623335
0.3129643697714337
0.2763243263181822
0.5683930720008102
0.5683910259293885
0.5512823659118609
0.47356459080668367
0.4903109893289349
0.152034452445796
0.5683923087702482
0.5310798935808853
0.5681987578361904
0.3126927139779447
0.5358665885939143
0.5683930720008074
0.5678101410539423
0.5683925865349047
0.5674227051952152
0.5498900388421735
0.5683927022334981
0.5683927908524833
0.5683928405959077
0.24721243637763846
0.5683930720008082
0.339569305722692
0.5489437511639017
0.5683930720008091
0.5450302337245135
0.5683345699927937
0.5683508010805265
0.5683561856199104
0.33917029536440274
0.11043577227921009
0.1404383578782543
0.5683930720008074
0.5683930720008065
0.5683905578655685
0.5488990021679625
0.3914833065349815
0.5683915403475281
0.5683930720008087
0.3145453843210696
0.3207595264281479
0.5168866070669541
0.5191576901517412
0.24569093536986772
0.20741824537117806
0.5234200124723456
0.5114270879767031
0.5290774536069824
0.5002153865974095
0.5356976174891075
0.5683827934264868
0.5683925377026857
0.5674274884309963
0.5683930720008102
0.5683930720008074
0.5683927894750594
0.5683905521594455
0.5683930720008065
0.5683929494213089
0.5683889470151156
0.5683930720008102
0.5683930540269544
0.5683930643655928
0.5553756568554865
0.56813062003116
0.5678879433535952
0.5678624209025711
0.5678358486884839
0.1756718822634827
0.5680700840003126
0.567794107355791
0.5682218273062636
0.5683930720008065
0.5683921302260896
0.5683930720008074
0.5682699544524072
0.5682775801387062
0.35992487936395967
0.370279748285992
0.4584594682345348
0.5683259112573756
0.5683905426721081
0.38073740883646856
0.568350052718432
0.5683831843900373
0.47231550744450607
0.46921118997229544
0.43878668279864413
0.48652175013368915
0.530611785105897
0.5345979461265352
0.45970134663869633
0.5368132642133044
0.5552932120760251
0.5683905391122199
0.5109139603480114
0.43853464956782995
0.5683930643338815
0.5683927303328371
0.5683927601172927
0.45959827225125555
0.5683928123838041
0.5683928771914204
0.5683930720008075
0.5678348479031785
0.5681959122200693
0.56790812827923
0.5683921269695268
0.23947880789564321
0.5679764388694165
0.5680250344912677
0.568378779121371
0.45942943803152353
0.17381482317478042
0.1041439378012022
0.5682431753509356
0.5683930720008082
0.5682590037323687
0.568393072000809
0.12837214693155014
0.5682770494385095
0.13382610494780395
0.5682842434134323
0.568291037847856
0.5522165279842116
0.36508240313238405
0.2389580974258656
0.5683337816721807
0.5683418540178584
0.568362079212962
0.5683465985596488
0.5683653240484438
0.5683502361311317
0.5107895646651095
0.4592021454613726
0.5681287527100929
0.3779509227253567
0.5683930720008102
0.5681955955339368
0.4840293478934334
0.5552793350186975
0.47181291487337695
0.4775550883793597
0.5418650479353727
0.5676070167047894
0.45909835241429214
0.5683905303387127
0.510685815719554
0.5304581579028033
0.5683922973132528
0.5674516977601002
0.5683930720008102
0.36449227856052147
0.5670375993332524
0.5683930666392085
0.4998213000365978
0.5089609925729606
0.5127392766278019
0.5683930720008102
0.5683896631926184
0.565888740188477
0.5683922961006452
0.5681947645623291
0.567142268145563
0.5683930029998118
0.5678788277776518
0.1478548990971428
0.5680067096010005
0.5683918034192202
0.5658834941003908
0.5683905209587357
0.20210510950103552
0.09630316901961603
0.5682296053550216
0.5683930642871672
0.5439709921957817
0.12143761749765522
0.5682812365273286
0.3637098759270317
0.5683388486870644
0.5683450631261795
0.5683787017986822
0.5492092605618121
0.5550698921289899
0.4598884464011892
0.5683918010709262
0.46961011919889223
0.4661674431235854
0.4752624274293492
0.4977905075256457
0.5683809130545521
0.36334226317045715
0.5678543555936517
0.5220143256986342
0.5240638685191185
0.5682721908757791
0.5683930720008102
0.5683930720008102
0.5683905131425758
0.5677674233403973
0.5683137256138914
0.5683917993894327
0.568385251730797
0.5683922923876482
0.5683930720008102
0.5683930642627081
0.5682674937728501
0.5518308908973657
0.2794953205566565
0.5683909766071578
0.5683917968400485
0.5681875474834659
0.46151875605216697
0.5683637810752378
0.43464695543322635
0.5350283299974407
0.5683930720008102
0.5682897435251915
0.5677655355570077
0.5218464796308823
0.5683737868757942
0.5683930412754157
0.5683930493177924
0.5683930614888898
0.5683865865478144
0.5327866579752435
0.5676262952865248
0.5674742302452863
0.5683905034024139
0.5683683303663785
0.5683621859203296
0.5683921148752458
0.568286090850487
0.5682948752671734
0.5683930642416094
0.5683930720008102
0.5683930719691929
0.5683909141026885
0.5683910836475684
0.49704449047383603
0.4687111415576098
0.5683916546657489
0.5683930642338835
0.5683922639214186
0.5683923291150931
0.5216823700004748
0.11951580031803467
0.5204839180349891
0.5024345600965746
0.17094203237985794
0.5683930720008062
0.3300543951635068
0.23651463693881894
0.56839307150083
0.48277487746896725
0.5683930716537118
0.5305087602906255
0.5357226036032854
0.5164703426906597
0.5454426828959776
0.5683930720008102
0.5670593269956101
0.5683930718640673
0.5682964812964331
0.5135776052295825
0.4801420079917132
0.5683414477205353
0.5683930719601461
0.5683930719652401
0.5683930719697502
0.19704239473358784
0.5683447745039643
0.32970317451688025
0.5683486457900143
0.49006347735569517
0.13893451485020222
0.19686615329034246
0.4874381482638687
0.5220145846514451
0.5675555814535859
0.3017964810362292
0.5683921179861431
0.13859891879578007
0.5683925581467933
0.568392702607758
0.23571448162636707
0.16987725835587456
0.56839283980305
0.5676017149730217
0.32937929926363924
0.5683929249637816
0.5416624996353278
0.5682460324954766
0.23563261584371814
0.16991096580348194
0.5676438448220749
0.5683930720008101
0.5683930720008102
0.5683548407725243
0.5454484452034051
0.5676867286262833
0.32924235173264804
0.5663583221007815
0.4722790097276416
0.5416329056537491
0.5683930720008102
0.1383025269147601
0.5643831292999711
0.2634902245009045
0.5649158461476171
0.5653701212441001
0.5663572327786003
0.4673688970242
0.5683930666979841
0.5683926603801754
0.1964128386575579
0.5674246059741423
0.32914407604139484
0.09960811336368679
0.5677712488183705
0.46431000433054254
0.5683929344053954
0.5683930714073899
0.19629596401060984
0.5302724345959968
0.5146476098745904
0.5683930720008102
0.5415964703076013
0.1184676693267535
0.5302623670495032
0.5146178613609229
0.5682284332793412
0.1697764819464036
0.5673602983392907
0.5682849906993749
0.32896558843741275
0.5683930576592683
0.5354694283693963
0.541564791304355
0.5683211979043068
0.5031961632855136
0.5683422904428919
0.5683930685100506
0.2633274127442535
0.5676178453941182
0.5683930713646446
0.5652317254632921
0.35886188072380687
0.566050079897853
0.16988188669214463
0.19630765687489005
0.5415532496838417
0.13852107281299703
0.5663507250924693
0.5145486355443643
0.5683929444424503
0.5683919988073415
0.5683925010904566
0.5683925584666002
0.3011921696724416
0.5683926550353218
0.5683926954547914
0.5354411463051145
0.5683928103846024
0.5663521665630948
0.5683929081033352
0.5301699336266716
0.46620843514202365
0.5682506798019911
0.5453695635701341
0.5683210900939712
0.5663499520214315
0.5668023572585196
0.5683338338427607
0.5683433140213483
0.12492840316913527
0.5683474130875847
0.14179536830121325
0.19509805841533148
0.5674153855373173
0.5647811025615345
0.5224185278168618
0.2551008558699856
0.2611654535796624
0.5652114461180623
0.5654967312411512
0.30973724010338943
0.3213956144591174
0.36017602475079946
0.5683917060061829
0.37194335242330573
0.5683721539143226
0.5683930720008102
0.3822096816036051
0.5683930713650631
0.5683930720008102
0.48172522307936366
0.4849927365024962
0.497331041286684
0.5058837496332639
0.45504413729264226
0.5683921098676792
0.47417221951145144
0.5183757827415325
0.5635840363306366
0.5626000127558326
0.5683930720008102
0.5683925019652907
0.5683925583929245
0.5683930720008102
0.463037678137106
0.568392695432993
0.5683930710236588
0.568392728139883
0.5683927854441863
0.5667979086098432
0.5626671358904578
0.5663506405836092
0.5683930082231391
0.5683930572131236
0.17365048239966352
0.18850954053726154
0.20066072468160556
0.20629761324326035
0.22643389021341404
0.23857240490207224
0.5683930542408203
0.5683930472258232
0.5683930498989745
0.5683738188894457
0.33325858923217
0.33864963705876316
0.3584239682582329
0.36836936953770627
0.37838127132242355
0.3882399271091202
0.5683930373576787
0.4699343107248846
0.4738331610125677
0.4946364790860332
0.51376269076434
0.10172831953780505
0.5683921103615294
0.5683922041703959
0.5683925589625067
0.10154117722395008
0.5683926957024322
0.5683876369611096
0.5683927598224932
0.17094369843504234
0.5683928971582858
0.5683929143354014
0.4410668385718753
0.2362085853129475
0.5683622994405956
0.3019199167388185
0.32980989446106734
0.5650211082032459
0.2648691366323336
0.12008925218995573
0.5683224998470237
0.521659358691513
0.5683861817204753
0.17120492763417708
0.19770576258462835
0.3622034207847584
0.5683917058619644
0.23646592965975796
0.2650469594106994
0.13966492420134852
0.5216115358949291
0.10100949055865721
0.5683836060422438
0.5142877647066159
0.5683672502416712
0.5683921111596327
0.13970946101451343
0.5683924400547571
0.33018023725351037
0.5216090361749701
0.5683814738812796
0.5683925587794295
0.5683926568748924
0.5683926982371197
0.5683927880815083
0.12000631128025092
0.5627982721511493
0.5683930710261706
0.5683929683638284
0.10075259800051103
0.5026233164798901
0.49399952879365894
0.23716351702237723
0.26558486018157423
0.35870589129540964
0.568377591713644
0.5683930201132278
0.17202933540486487
0.51427154258351
0.19853707444043892
0.5681863038356121
0.5683930346733221
0.5662401427484031
0.5683930420202212
0.3028131570399738
0.5667921196100477
0.5647413107170474
0.5649661620337327
0.5651799574319248
0.44130875528223495
0.5683623025091236
0.3031275758715375
0.5683738891713717
0.14038035053860135
0.5683270140182274
0.5663437161922945
0.12046445006326659
0.5683549311877883
0.10103069958939831
0.5683672592444708
0.23818308143840825
0.5663450667300199
0.3035339761708765
0.10130799650775657
0.5683739026185839
0.17316252684719485
0.568392698974153
0.5683917075874498
0.12108706113296037
0.5683927886484812
0.5683928141763712
0.568392878635927
0.5667923881495336
0.3313322412084359
0.36085502079615245
0.5683930235264293
0.5683930344425694
0.14140398708755803
0.5683930468987669
0.10211807938285024
0.49416688327608915
0.5683917083612016
0.5683813328709222
0.5683832674855256
0.5683285405313887
0.5683352112775022
0.5291107735736728
0.5683930592973314
0.10329308634293843
0.5683924430391499
0.1230476392638586
0.23974109909320265
0.14293371929487714
0.5683926997479922
0.441769829835813
0.5683928590294514
0.5683929152343379
0.5683929444035035
0.56839295667552
0.20170510020163504
0.14351935278229774
0.17564005083253834
0.5303587301626418
0.4233405257947777
0.20221133959074788
0.24046264974679582
0.4529073203698445
0.14478928864051005
0.5683768467734261
0.5683782204768054
0.5683930228164352
0.5683794738336747
0.5683836145447971
0.5683853374275195
0.5683930544505622
0.5683624057785397
0.145457924858133
0.5683485544933929
0.1778109554925128
0.30184744696114457
0.5667942275243563
0.2747234312473497
0.5683919262997273
0.5683920328810731
0.1784170453321121
0.5683923713511827
0.3021447799206313
0.5683925625285056
0.5683927629657899
0.5683928797887423
0.4237778366949548
0.5683816085501718
0.45324034725527373
0.5667954603305269
0.5683878303942984
0.5667971537581542
0.5683883963988644
0.5683913558790532
0.5683910670680066
0.5683930720008102
0.44245201962488195
0.5683921092424148
0.5683924452183503
0.5683926660450586
0.5683927170066814
0.5683928673431107
0.5683928347227135
0.5683775253100418
0.4241449269564309
0.5668005887123713
0.5683930054398493
0.5556779126672771
0.5683688873861689
0.5683929090178385
0.5683908375709918
0.5683433431011966
0.5683843440628532
0.5683915814669008
0.5683812879852153
0.5683867135249511
0.5683903463656039
0.5683831054103693
0.5683926686501619
0.5550815128233809
0.568392609654063
0.5683927590230213
0.568377711653724
0.5668055264677377
0.5683930720008102
0.5683930720008102
0.5681805873696485
0.5683930720008102
0.5683915810839696
0.5683813383660521
0.5683921805891813
0.5683867455491401
0.5683924661707381
0.568392652315353
0.5683854269309375
0.5683903635305786
0.5683778619678483
0.1098830522978101
0.5683913829349908
0.5557223141458335
0.5683923590516107
0.12344742919380439
0.568392692544573
0.568392632278801
0.5683930720008102
0.5683903779166982
0.5683810950340683
0.5683850061387296
0.5683884774885581
0.5683893927226719
0.5683930713958468
0.5683779441299948
0.5683271590184147
0.5683360711842952
0.5683396790301388
0.5683510504394216
0.5683554076404062
0.11097579543324748
0.5683929596904126
0.5683920934695433
0.5664336279991964
0.5683923334993805
0.5683779593673046
0.5683928614640297
0.5683831795530417
0.5683928324940176
0.5664353822035014
0.5683929600688663
0.5683779125638426
0.5683909039007017
0.5683904213484032
0.5683930720008102
0.5683894623187556
0.09548917180697994
0.5514853565294671
0.5529648640327761
0.5683910344252071
0.5598347064359249
0.5609606127657513
0.5683915580856365
0.5629137048933148
0.568382559891465
0.5683855714974573
0.5683835611425425
0.5683923774809709
0.5683926651880227
0.10636278780711193
0.5683927176679935
0.10360089198758342
0.5683802071225554
0.5683814049802692
0.5683895382440124
0.5683659234699117
0.56837004953226
0.13474011319295673
0.5683930720008069
0.5683928396703393
0.568392895850836
0.5661445545808931
0.09121150492802188
0.14793311729822245
0.5646836884557646
0.14361772715171392
0.0984977310798407
0.5683930720008092
0.5683930720008102
0.5683930720008102
0.568320535263424
0.5683280524811418
0.11400709834803052
0.5683915582480029
0.1673928469840523
0.19698770212058603
0.1311482886837938
0.5683921546592323
0.5683923327163051
0.5683855159425488
0.5683871934819671
0.5683928005976726
0.568392879320904
0.5683928987311893
0.5683929476637889
0.568392973423169
0.09053484584224689
0.23083357821588538
0.5683930720008099
0.5683930720008102
0.56839307200081
0.5683930720008102
0.11948318391251175
0.26787694904007714
0.5683423369243399
0.568355562443302
0.5683765356078726
0.5683930720008102
0.5683890471540253
0.5683898189866419
0.5683930720008102
0.11428469206359812
0.5683930720008102
0.5683930700197479
0.1623076487206041
0.5683910956060025
0.5683928889775568
0.5683930720008102
0.2922695650357152
0.5683930720008102
0.5683930719983696
0.5683929721073702
0.5683930593219704
0.5683930720008102
0.5683930720008102
0.5683930720008102
0.5319897468890864
0.5683876553664178
0.5683930720008102
0.5683906546764609
0.09171949243773728
0.1445912606811713
0.5365004928571258
0.5683693037666175
0.5683930720008102
0.5683773349918734
0.15682079662493592
0.5683930720008102
0.1930270013894539
0.545752541401953
0.21979247885979256
0.5683891610730604
0.5277402760921316
0.56839307200081
0.56839307200081
0.16031370645496928
0.56839161296566
0.5683930720008102
0.5683930720008102
0.551016049202166
0.5683459480404705
0.10619984061641513
0.21056291041636974
0.5368539264274974
0.5683739329548536
0.5422660045096108
0.5683928095210047
0.546018090960596
0.11750756066385944
0.5683891999916274
0.5475757090813966
0.5598385164143
0.5683925364884336
0.5521313502613205
0.09786172436220605
0.5683930720008102
0.56839115728191
0.568392974599258
0.536267018074708
0.5683927497306134
0.5683921963433574
0.22272701996811428
0.5576924188925372
0.10493303621291432
0.568370031053041
0.5683742957060928
0.5683761251015277
0.5683927510406419
0.5683778079162214
0.09260837573331658
0.5683892506830805
0.5300996871484611
0.5683911757154273
0.09209105093331144
0.5683930720008102
0.5683930720008102
0.5683930720008102
0.5683930720008102
0.5297455387648248
0.09175264364236212
0.5683930720008102
0.12091289334431675
0.5683921995520178
0.5683930720008102
0.09974207074188253
0.5683928730583968
0.5357851429152782
0.5683930720008102
0.12800657618852113
0.5683725427770541
0.5683930720008102
0.5507521312613785
0.5444114994468199
0.09853084062314843
0.5683930720008102
0.5683930720008102
0.557994578979755
0.5683926523387752
0.11378961549829317
0.0998535032914884
0.5683930720008102
0.5683930720008102
0.1693090458500578
0.5683926537621987
0.5683865208579815
0.5683922213828402
0.5471956242594829
0.18052739235940285
0.11439303357655761
0.5683925553707457
0.568370592604001
0.5683728140710405
0.5683930720008102
0.5683922268688053
0.5683930720008102
0.5683923892858364
0.5683930720008102
0.5683927606720741
0.1671713897664554
0.560513826464862
0.5605620005488156
0.5683894112392633
0.5683866631650296
0.5683922358019758
0.5683917039585581
0.5586671490927649
0.5587304263147944
0.5683930720008102
0.5683930720008102
0.5569407684191636
0.5683930720008102
0.5683881977294979
0.5591236496701242
0.5610293689201584
0.5683910401664937
0.5683920167846854
0.5683928387376205
0.5683924432816181
0.5683930720008102
0.5683924973182494
0.5683925469331744
0.5683901314809895
0.5683926336193067
0.5683927722198936
0.5683930720008102
0.5683930720008066
0.5683930720008102
0.5683930720008102
0.5683930720008102
0.5683928413239225
0.5683930720008102
0.5683930720008102
0.5683915620212221
0.5683928424626623
0.5683930720008102
0.5683923752277078
0.561359254293397
0.5683925529792476
0.5683926394622882
0.5683927768306882
0.5683930720008102
0.5683928449171951
0.5683919144102644
0.5683923704626761
0.5683924422073956
0.5581669368152806
0.5683930720008102
0.5556983465492175
0.5682388769433914
0.5683930720008102
0.5430623235560075
0.5584833170163179
0.5600748255041037
0.5683930720008102
0.5683917957408389
0.5683922003085573
0.5683922869598744
0.5586073015929102
0.5683927517368879
0.5683927846586495
0.5419193195361743
0.5602706676816968
0.5563274677525512
0.5587893320957813
0.5683930720008102
0.5683930720008102
0.5588533380945915
0.5564530793821134
0.5683928506018344
0.5683920094318361
0.5683921058979577
0.5683930720008102
0.5683926037595038
0.5605047541373634
0.5683930720008102
0.5590855398962784
0.5621571934251804
0.5683930720008102
0.5683928527698695
0.5683930720008102
0.5430489231431676
0.5683750193802207
0.5683930720008102
0.559206121660237
0.5488274074974935
0.5607009136581199
0.5592588580665451
0.5468462535146715
0.5493717469569402
0.5441183288302059
0.5683707855355057
0.5683930720008102
0.5683930609468496
0.5473100229381502
0.557119437450826
0.559372848340202
0.5683930720008102
0.5593918894272888
0.5572756945070987
0.5360279697326709
0.5485895335550424
0.5682769601211327
0.5683697670531823
0.5683930720008102
0.5683930720008102
0.5605999326020763
0.5683930720008102
0.5683930720008102
0.5398230477079408
0.5435824329443845
0.5683930720008102
0.5683930720008102
0.5683930720008102
0.5325356274903983
0.5370437359107558
0.5683930720008102
0.5683864565538539
0.5370600380447311
0.5463667085954118
0.5639125893842972
0.5681095388047587
0.5683047252809834
0.5640464784738616
0.5683930720008101
0.5683930720008102
0.5683930720008102
0.5683930720008102
0.5683051820985834
0.566153610124797
0.5645019082646145
0.5683928795889196
0.5683930720008102
0.5683208474998236
0.5683930720008102
0.5683930720008102
0.5649244810452057
0.5542419191425602
0.5538381687611312
0.5635235250005435
0.5534017260676722
0.5683930720008102
0.5683930720008102
0.5529718474341112
0.5683930720008102
0.5683930720008102
0.5683930720008102
0.5683930718922483
0.5626785027161965
0.5683061478488937
0.5683930633237273
0.5682154176065046
0.5628339747181229
0.5563274510866177
0.5682807153277055
0.5629855608429307
0.5682560006379634
0.554007995252358
0.5642967671209558
0.5683930720008102
0.5683930720008102
0.5683217285144334
0.5652239701429514
0.55473061973001
0.566714846713277
0.5640697042418391
0.5618370662890642
0.5661252779816975
0.5603070597085495
0.5661881467837669
0.5516817452655551
0.5683069493189873
0.566249670980041
0.5682817482799621
0.5683930720008102
0.5683930720008102
0.5648046445959883
0.5668847633991916
0.5683930720008102
0.5682819796659156
0.5683930720008102
0.5659888270283824
0.5660527359765424
0.5682821330356735
0.5595727860607609
0.5508338887067221
0.5661164981639726
0.5627978936540385
0.5683930720008102
0.5666770726177096
0.5682823427946688
0.5683930720008102
0.5682188430124729
0.5655123718872658
0.5655889033557483
0.5594607832761898
0.5641394235611693
0.5683930720008102
0.5683930720008102
0.5653956076651748
0.5667969692743906
0.5629950032418858
0.5643973103551231
0.557535483649307
0.560258765208628
0.5655432321731287
0.5577809028905116
0.5671236930217539
0.56818121730042
0.5624018178316597
0.5683930720008102
0.5638869799348214
0.563999711464157
0.5629644089931118
0.5645895151509975
0.5633323046555837
0.566069727901927
0.5671633668205437
0.5683930720008102
0.5636777736057473
0.5637856984566953
0.5683072510085753
0.5683223482672446
0.5664483222606606
0.5607934318203467
0.5683071669785908
0.5683930720008102
0.5683930720008102
0.5666770054304299
0.5683068755720498
0.5683930720008102
0.5674422115438278
0.5667595650264894
0.5674888279450175
0.5646836460871707
0.5683930720008102
0.5672810525359046
0.5683930720008102
0.5683930720008102
0.5682798248066138
0.5683930720008102
0.567797612199583
0.5652227252009497
0.5673876312117095
0.5683930720008102
0.5683930720008102
0.5683865912637663
0.568015763849178
0.5672382230664653
0.5668576269458124
0.5683046818035802
0.5683865625761806
0.563825430102029
0.5673216300395734
0.5677915545913889
0.5651478813727299
0.5683930720008102
0.5641171455955716
0.5683930720008102
0.5683930720008102
0.5676672900426042
0.5667483317288485
0.5661559080215477
0.5671607011220722
0.5683193334545461
0.5675136362327666
0.5671886025360542
0.567915782043352
0.5683930720008102
0.5683190542354696
0.5669339952759404
0.5681299991765499
0.5680382716396163
0.5673270116678384
0.5678156683921503
0.5676534861447762
0.5683930720008102
0.5683930720008102
0.5683181728568578
0.5678590248424973
0.5677083628534925
0.5680314089336921
0.5680733370024854
0.5680863501150297
0.5683930720008102
0.5683175767460611
0.5675003060668139
0.5683930720008102
0.5675228990329318
0.567774968919763
0.5683176670712607
0.5668636312738887
0.5675451237784951
0.5678055950807828
0.5675861943804495
0.5682035357346
0.568105067312998
0.5682027739111047
0.5670449274413047
0.5675901187472989
0.56778957951459
0.5678142316106257
0.5680577528703579
0.5683930720008102
0.5683930720008102
0.5683930720008102
0.5682653270570105
0.5683930720008102
0.5683766287624317
0.5683930720008102
0.568372706497977
0.5683930720008102
0.5682743533682189
0.13077689358079456
0.5683930720008102
0.22322757005923702
0.5683671384329472
0.5682228039630269
0.22101112192018926
0.17902601106702096
0.5683930720008102
0.3042384329245852
0.5682345013825406
0.5682657413786217
0.5682760315100845
0.5682941399830869
0.5683930720008102
0.18475966627979803
0.273246712215404
0.15182965032967483
0.10331213471936006
0.3007255106646074
0.5682694033481362
0.5683056627255936
0.2887229574717046
0.2827576651670862
0.13022234569892474
0.5683930720008102
0.5683930720008102
0.5683930720008102
0.5682172938479958
0.5682780653673031
0.5683497783397854
0.29115027635546686
0.5683930720008102
0.5681768729945673
0.5681767463939826
0.5683930720008102
0.5682440164416648
0.568262066729512
0.5682729949965463
0.5682780488123476
0.5682963636504659
0.568308206717677
0.5683476397699921
0.37162611702419046
0.3614291333009932
0.17024329567567123
0.1473815345662851
0.5682229182035985
0.5683251376574276
0.3596121021233583
0.11259116128029736
0.1947514963092476
0.11734296333439405
0.5682695028488626
0.20852149087502153
0.10491022930073109
0.135860849485224
0.27972999959085915
0.10818335512912648
0.202227819801657
0.5683930720008102
0.5682943896806362
0.1517182650111643
0.2558717483692341
0.1083958374994113
0.24456188371689416
0.5683930720008102
0.3362426939768362
0.5683930720008102
0.12657618227758524
0.41787834446482547
0.5683930720008102
0.5683930720008102
0.1834214645499828
0.1547424852600676
0.3355049219162731
0.4287813081132788
0.29244802960004695
0.4314073131511522
0.17157104808923276
0.18225221843848757
0.44683558732927053
0.3685644717688388
0.46973800807172605
0.5683930720008102
0.24087008472031007
0.3227654895399523
0.5683930720008102
0.42801696870605577
0.42162976000601093
0.41945582572135626
0.4089402236677992
0.4172874015832954
0.384969151107567
0.32424010977326934
0.4594179189968176
0.37392221861532704
0.3033609555978827
0.3407451628396393
0.404005878208204
0.3833946494324484
0.4692798772546565
0.5683930720008102
0.5683930720008102
0.39808608039934706
0.500384623217181
0.5683930720008102
0.5683930720008102
0.5683930720008102
0.3960538803251719
0.5683930720008102
0.36150747546223705
0.5153815404203694
0.3716948712416811
0.5050938812006207
0.2827164832751676
0.5231796271888131
0.38631945543683793
0.5117865780162903
0.38112707909997035
0.5683930720008102
0.33130567450177073
0.5683930720008102
0.3113062828204211
0.5149112528536463
0.4852835081246748
0.5683930720008102
0.5179271334122698
0.5683930720008102
0.5683930720008102
0.5683930720008102
0.4518950490049995
0.4755442829631213
0.5239806608037
0.48040557154327646
0.4737029344709952
0.3979312450784824
0.4450629544644416
0.5683930720008102
0.5683930720008102
0.5683930720008102
0.42848655644250755
0.5326310533510044
0.5034856503936493
0.47893109639944537
0.4090692039718396
0.4818950743712519
0.48462066856907726
0.46420146509102744
0.5425082352866564
0.5129299259843001
0.5208099971687524
0.509131022620737
0.5480495959238586
0.5683930720008102
0.5122372773985372
0.5491662013861965
0.5683930720008102
0.5499193958205703
0.5071085330760411
0.550673791810013
0.5404852837461671
0.5683930720008102
0.5332590475427954
0.5353821221738144
0.5496374385530051
0.5302977113843022
0.554964582178679
0.5537188477984248
0.53575525583336
0.560925249780443
0.5441999962733703
0.5612217309850543
0.545022319591683
0.5408884325789226
0.5470332471627427
0.5620524573982
0.5492734556705986
0.5616487119269667
0.5625269529071796
0.5475228092996595
0.5588028606176593
0.5613288592375894
0.5630492202315406
0.5683930720008102
0.5523876115319023
0.5632077827160704
0.5575686175408042
0.5635000940812089
0.5567093784412204
0.5631071682781242
0.5627862546643514
0.5583919396772616
0.5618509656544478
0.5575103194677152
0.5577866935446234
0.5557126150933663
0.5638110219273514
0.5683930720008102
0.5658244001409689
0.5620816607449284
0.5652862136841142
0.5641792752688392
0.5683930720008101
0.5621871004152346
0.5655064359127241
0.5667518685804966
0.5582044555582915
0.5553663253259684
0.5662470185285482
0.565459129651672
0.5559031179254921
0.5633475340208363
0.5673156326963956
0.5655783875442654
0.5645190690138849
0.5670550321149938
0.5674637599994189
0.5664401125870688
0.566700661950957
0.5672630428102133
0.5662879879304817
0.5683930720008102
0.5683930720008102
0.5552820361686118
0.5664217107383335
0.5669438203294711
0.22440458663496868
0.5683930720008102
0.5683930720008102
0.5683930720008102
0.5672594755140952
0.19459558019780188
0.5666160874974893
0.5683930720008102
0.5683930720008102
0.5683930720008102
0.5683930720008102
0.2433304316636675
0.5677450762967962
0.5683930720008102
0.567400427282088
0.5683930720008102
0.5670703087728088
0.5683930720008102
0.5683930720008102
0.5683930720008102
0.567504578226401
0.5683930720008102
0.20205628532041023
0.5683930720008102
0.5680146185833689
0.5683930720008102
0.5680662410688974
0.24217854805073438
0.27437647744318727
0.5680078911742085
0.355831024370449
0.5683930720008102
0.5683930720008102
0.5683930720008102
0.5683930720008102
0.5683930720008102
0.5683930720008102
0.5683930720008102
0.5683930720008102
0.5683930720008102
0.5683930720008102
0.3429092135755387
0.5683930720008102
0.5683930720008102
0.5683930720008102
0.5683930720008102
0.5683930720008102
0.5683930720008102
0.5683930720008102
0.5683930720008102
0.5683930720008102
0.5683930720008102
0.5683930720008102
0.5683930720008102
0.5683930720008102
0.5683930720008102
0.5683930720008102
0.5683930720008102
0.5683930720008102
0.5683930720008102
0.5683930720008102
0.5683930720008102
0.5683930720008102
0.5666894296565543
0.5683930720008102
0.5683930720008102
0.5672394398758893
0.5673864021361161
0.5683930720008099
0.5675153713610613
0.5683930720008102
0.5683930720008102
0.5683930720008102
0.5683930720008102
0.5683930720008102
0.5582602899461384
0.5683930720008102
0.5683930720008102
0.5683930720008089
0.5683930720008102
0.56839307200081
0.5683930720008092
0.5683930720008098
0.5623931527162238
0.5683930720008092
0.5683930720008097
0.5683930720008099
0.5683930720008102
0.5683930720008098
0.5683930720008102
0.5683930720008102
0.5683930720008102
0.5683930720008102
0.5649372482060875
0.5683930720008102
0.5626849984036053
0.5656326182559596
0.5683930720008102
0.5645259499029575
0.5650686544540147
0.5683930720008102
0.562894821822781
0.5683930720008102
0.5683930720008096
0.5683930720008102
0.5674016806871798
0.5683930720008102
0.5683930720008094
0.5683930720008102
0.5683930720008102
0.5683930720008102
0.5683930720008102
0.5648263093878773
0.563304295951546
0.5683930720008102
0.5683930720008102
0.5683930720008102
0.567672769665039
0.5663094509553818
0.5654032683227069
0.5683930720008102
0.5683930720008102
0.5673488480568908
0.5641410073364804
0.5683930720008102
0.5683930720005705
0.5683930720008102
0.5677144162654502
0.5683930720008102
0.5683930720008102
0.5683930720008102
0.566174522365369
0.5665055225787511
0.5657116925419811
0.5662218537976502
0.5669777561577694
0.5674406204231609
0.564696540066222
0.5683930720008102
0.5679294601205878
0.5679881127262184
0.5617091624624516
0.5683930720008102
0.5619049956944125
0.5683930719986808
0.5649023921166164
0.5659405203625466
0.5664061487707472
0.5656147581148944
0.5681218466096046
0.5683930719987157
0.5656782207430876
0.5683930719987387
0.5683930720004768
0.5681286767360157
0.5675452053191744
0.5657410945739119
0.5683930719984294
0.5683930719987625
0.5679351141386774
0.567964147391201
0.5680175231196972
0.5680414767588132
0.5680697163031104
0.5683930719987855
0.568393072000035
0.5652970309250966
0.5668679839163107
0.5683930719994345
0.5649006070597082
0.5667069521061179
0.5630068765998726
0.568393071999935
0.5650081936480542
0.5683930720004957
0.566044039577448
0.5667478687940747
0.5676363874664079
0.5667875932124395
0.5683930720006138
0.5662311368882899
0.5681957984874223
0.568393072000293
0.5683930719989183
0.56822054363838
0.5661518615504717
0.5681822954839794
0.5676632226073015
0.5683930719999065
0.5683930720006363
0.5683930720003912
0.56798956187775
0.5683930720003284
0.5683930719991546
0.566440371117087
0.568393072000408
0.5665049466276171
0.5662781502529562
0.5678617654225357
0.5683930720002132
0.568393071999994
0.5683930720005125
0.5683930720000194
0.5675592965640023
0.5677412584456093
0.5683930719993432
0.5675822703200354
0.5677584331344195
0.5683930720003241
0.5676038211117547
0.5683930719996694
0.5683930720003999
0.5676705182184871
0.5683930719997384
0.5679589507480044
0.5683930719995139
0.5681012624994484
0.5681273099296632
0.5678275377435589
0.5677609464754759
0.5681793209081785
0.568205728599839
0.5682165840119051
0.5682710403669679
0.5676592236962703
0.5676428491961145
0.5682568766975816
0.5682651465824866
0.5682803005107958
0.567913122692685
0.5679393552461275
0.5683108053891617
0.5677187631569143
0.5678658175605643
0.568098508058517
0.5683403361018637
0.5682564691512324
0.568285952074941
0.5683145151005172
0.5679898588187705
0.56833696170262
0.568341156043238
0.5678465496111604
0.5682869045255311
0.5683050502920464
0.568315339126672
0.5681535654563474
0.5681401467353759
0.5680399756915072
0.5683910724984697
0.5683846909512915
0.5683623936462824
0.5683889149461263
0.5683892057699386
0.5683726926928458
0.5683741989479051
0.5683819324531629
0.5683853882577133
0.5683870602904465
0.5683842362797679
0.5683911594244914
0.5683914770121223
0.5680621426369422
0.5683894556125996
0.5681690980300916
0.5682040051309947
0.5683862385121413
0.5683886332551088
0.5683736706929006
0.5683897137380284
0.5681751073459262
0.5683889614443278
0.5683898418922639
0.5683903371589373
0.5683913755992244
0.5683899615818682
0.5683858681811744
0.5683727892360911
0.5683885159809784
0.5683900831400628
0.568387431785559
0.5683886989286018
0.5683894266997701
0.5683738688424635
0.5681273869711785
0.5681414156158289
0.5680981637496878
0.5683915584387874
0.5683913863302834
0.5682018468215282
0.5682222460094802
0.5682405127286364
0.5682567055369423
0.5682637827760174
0.5683908294165313
0.5682218222596436
0.5682486271036478
0.5682639241602266
0.5682710342682202
0.5683403257920397
0.5682181253680612
0.5682691777491192
0.568276085387146
0.5682824880468953
0.5682884925011658
0.5682942470652684
0.5683058319014651
0.5683325351524859
0.5683371822357313
0.5683536553488617
0.5683692716452842
0.5683898751154747
0.568326080757707
0.5683868125126867
0.5683900245796253
0.5682479847284575
0.5682843888748438
0.5682964271670796
0.5683134182513686
0.5683917666930535
0.5683911565800693
0.5683887475937306
0.5682176773036525
0.5683844196437738
0.5683825484640342
0.56837830311447
0.5683915225271771
0.5682248333301464
0.5683918716762667
0.5682601879952528
0.5683919155948772
0.5683913496278978
0.5682756089068411
0.5682877643248982
0.5682935300665262
0.568237768288611
0.5683516340279825
0.5683539533839812
0.5683561929417735
0.5683620622662275
0.5683638259126218
0.5683685555446089
0.5683914276133331
0.568376869226528
0.5683787331957112
0.5682438627038953
0.5683839445354889
0.5683803166112842
0.5683857766196981
0.5682494581954909
0.5683185939463
0.5683895863079255
0.5683860599415588
0.5683416655132904
0.5683907772900193
0.5683844841560094
0.5683928635354869
0.5683928352731907
0.5683927844702991
0.5683918408820765
0.5683927461728235
0.5683927257763137
0.5683916670331022
0.5683925915896023
0.5682643920214733
0.5683913066417335
0.5683841206874234
0.5683048980121582
0.5683444399432317
0.5683910319119967
0.5683923940557076
0.568391710105213
0.5683824482998395
0.5683844736724528
0.568385601616574
0.5683805925341862
0.5683919562200362
0.5683928710939745
0.5683928549578801
0.5683928398448779
0.5683928243042602
0.5683858967735687
0.5683928079859767
0.5683880404009023
0.5683929308373481
0.5683613091743821
0.568366654688713
0.5683927718909536
0.5683681966002323
0.5683873451465379
0.5683927520011016
0.5683923565511683
0.5683926195705687
0.5683902695365286
0.5683927075832713
0.5683918371963623
0.5683915428587121
0.5683875696680846
0.5683928886318561
0.56839292433221
0.5683928728007045
0.5683928599530146
0.5683918818340246
0.5683925709539963
0.568392782239808
0.568390841045266
0.568392739973189
0.5683731383459014
0.5683757677810807
0.5683879775182733
0.568385856237371
0.5683868078086002
0.5683914224198957
0.5683917065641652
0.5683870713041914
0.5683924005340034
0.5683910078268479
0.5683929476163451
0.5683929314352397
0.5683917490815964
0.5683929229017916
0.5683929042721542
0.5683897603402075
0.5683928940224497
0.5683928473263961
0.5683851820089667
0.5683885465057794
0.5683927884147816
0.5683898983972232
0.5683908528523377
0.5683929726162025
0.5683929436934569
0.5683929103678675
0.5683910224189391
0.5683919208134
0.5683924704068312
0.5683565516806843
0.5683776701315296
0.5683919498029133
0.5683930279558315
0.5683906319432805
0.5683860998475285
0.5683874466786906
0.5683919782628224
0.5683929958956484
0.5683930319316572
0.5683907074303073
0.5683305800725814
0.5683929751840087
0.5683929704611871
0.5683922311103731
0.568392034504074
0.5683787098743728
0.5683929044310034
0.5683918746594082
0.5683923855397295
0.5683930438697034
0.5683878998649513
0.5683929934488767
0.5683928015025541
0.5683919059297351
0.5683929855138384
0.5683920843714061
0.568392402119636
0.5683927404152186
0.5683929632264536
0.5683821764597744
0.5683886987027826
0.5683929494060777
0.5683919353504959
0.5683930503198887
0.5683926146907051
0.5683924177159215
0.5683906222755455
0.5683930468678476
0.5683839957487778
0.5683928809193531
0.5683921286915545
0.5683919623028575
0.5683924328860841
0.5683901180862758
0.5683914104523097
0.5683930347909968
0.5683825282253353
0.5683921492824935
0.5683901848168688
0.5683930110398998
0.5683930558015742
0.5683930549758156
0.568392994151981
0.5683914892714719
0.5683926032258703
0.5683828054680766
0.5683930466948225
0.5683929613902138
0.5683924053434837
0.5683924774954648
0.5683929087328806
0.5683921130789432
0.5683930141764029
0.5683873651128378
0.5683930045499719
0.5683930598702056
0.5683927885660459
0.5683830484578846
0.5683874599128002
0.568392719665481
0.5683929547824941
0.5683891909155593
0.5683930482172931
0.5683929293614896
0.5683917999983759
0.5683929221797007
0.5683929066512897
0.5683930502974731
0.5683930608241897
0.5683928570916188
0.568392335662843
0.5683848470644042
0.5683927686052543
0.5683927377048626
0.5683927022884916
0.568384885961825
0.5683929964513568
0.5683876660835717
0.568386667533097
0.5683900619851213
0.5683930626302749
0.5683887253255546
0.5683904997732527
0.5683929566081029
0.568392931062384
0.5683930208412294
0.5683922647624503
0.5683916601954475
0.5683905217974052
0.5683930173130162
0.568390100475658
0.5683928342835434
0.5683930595526564
0.5683905385517487
0.5683928039887908
0.5683929863847909
0.5683927696747506
0.5683918879947741
0.5683834602939569
0.5683929265578194
0.568393065918865
0.5683925570905897
0.5683916923991763
0.5683913506482727
0.5683924665158985
0.5683930631537187
0.5683919030185904
0.568387746684949
0.5683910626745682
0.5683930304242749
0.5683901426520896
0.568393059929185
0.5683926758650791
0.5683919099784415
0.5683927859898169
0.5683726660329395
0.5683768339471456
0.5683927551614233
0.5683930058138804
0.5683849255515776
0.56839305253341
0.5683929990873108
0.5683901491667881
0.56839297077448
0.5683930676647369
0.5683877265618582
0.5683901510842327
0.5683924317768212
0.5683669982270545
0.568389416386822
0.5683910797309365
0.5683930518389267
0.5683923249367275
0.5683917160782107
0.5683919226149619
0.5683922860930141
0.568388781959711
0.5683928875914962
0.5683928775355027
0.5683905785289479
0.5683928670736058
0.5683930268835706
0.568393059998025
0.5683930586612398
0.5683929913501453
0.5683930560897034
0.5683930365800538
0.5683928265548948
0.5683852116025154
0.5683862783431626
0.5683796147910476
0.5683810695551752
0.568392193739716
0.5683899919796268
0.5683910822222269
0.5683912798349327
0.5683914638265065
0.5683925812759072
0.5683928742188721
0.5683930656667517
0.5683930645303169
0.568392527564504
0.5683930621615939
0.5683930616151335
0.5683930597616953
0.5683928272292291
0.5683930578376861
0.5683924334210898
0.5683923976499667
0.5683919262573324
0.568393068133682
0.5683929261069437
0.5683929146003258
0.56839293418293
0.5683929664115561
0.5683925700674681
0.5683916816746947
0.5683907431694143
0.5683893756239212
0.5683929201651338
0.5683897547741937
0.5683913349734872
0.5683914728291518
0.5683929984838849
0.5683930680193945
0.5683930089232205
0.5683927559659593
0.5683927778109895
0.5683928544194521
0.5683930568859588
0.5683930592737094
0.5683919891306133
0.5683930618176668
0.5683930623705905
0.5683930668007844
0.5683852734254261
0.5683861645769851
0.5683916762156364
0.5683930093302504
0.568392875893377
0.5683919864767228
0.568392967874394
0.5683919840101742
0.5683930581029011
0.5683930595887742
0.5683926879536101
0.5683929439632172
0.5683930620812456
0.5683930636047855
0.5683930644912161
0.568393065289691
0.5683919800512872
0.5683930658393845
0.5683930100386981
0.5683878661219487
0.5683926878232902
0.568391688578814
0.5683910176341123
0.5683929445215482
0.5683930001885825
0.5683930223211412
0.5683917191678892
0.5683926871017653
0.5683928150678933
0.5683929690258093
0.568393058104844
0.5683930622690893
0.5683930635453673
0.5683930651683721
0.5683930656219924
0.5683930660497332
0.5683930668418633
0.5683930671357335
0.5683930673481944
0.5683914793869759
0.5683905630517082
0.5683930226478667
0.5683906771296524
0.5683927364504029
0.5683928624711279
0.5683929178370986
0.5683929839600493
0.5683930006285637
0.5683930685707872
0.5683912907287249
0.5683930539225188
0.5683930609310943
0.5683929690687148
0.568393067918313
0.5683930682031131
0.5683927344340681
0.5683929190038597
0.5683930304986962
0.5683928475063639
0.5683928013711131
0.5683930564923169
0.5683930584994741
0.5683930005732949
0.5683913241230527
0.5683930625759417
0.5683930632152242
0.5683930638140997
0.5683927982362529
0.5683930677259565
0.5683930681566411
0.5683929432295236
0.5683930004664264
0.5683929427163386
0.5683929831890283
0.5683930595082523
0.5683930619504292
0.5683915621602106
0.5683930667474171
0.5683930278893129
0.5683929191024744
0.5683927864265
0.5683930373883657
0.5683930394254896
0.5683929998320311
0.5683928170314432
0.5683929408458072
0.5683392897711631
0.56839299957802
0.5683930565356038
0.5683930633415107
0.5683930639454767
0.5683930645163304
0.5683930663995096
0.5683929401386123
0.5683930674948614
0.5683929812491213
0.5683929989418588
0.5683929155276608
0.5683926377672589
0.5683927692143912
0.5683928832332952
0.5683928459418938
0.5683930529306086
0.5683930564978741
0.5683929805625552
0.5683930305446772
0.5683930612515024
0.5683930627029083
0.5683929139195179
0.5683930655541654
0.5683930217015017
0.5683930675182793
0.5683397755376663
0.5683927406542082
0.5683927750504577
0.5683928571396435
0.5683930329359758
0.5683930364259806
0.5683930574434422
0.5683930626615512
0.5683930671812706
0.5683930675156501
0.5683930686518116
0.5683928952357536
0.568392947403151
0.5683929873747016
0.5683928242276712
0.5683540663264309
0.568393019452309
0.5683930284403073
0.5683930323309284
0.5683930586310663
0.5683930626439339
0.5683930631786183
0.5683930650601163
0.5683930674160496
0.5683930681619881
0.5683930687880068
0.5683930689719243
0.568361278146683
0.5683928497470219
0.5683929521403736
0.5683929880688675
0.5683929974399624
0.5683930533434719
0.5683930572480635
0.5683930596661569
0.5683930637522704
0.5683930651871687
0.5683930672877701
0.5683930692366518
0.5683928676133122
0.5683469507816736
0.5683929419319308
0.5683930512975706
0.5683930538529715
0.5683819814574267
0.5683930576989311
0.568393058931487
0.5683930601933762
0.5683930609785037
0.5683930638281888
0.568314412109372
0.5683928895542693
0.56832835404837
0.5683138175629572
0.5683783475140747
0.5683930477671535
0.568393049186932
0.5683930511337134
0.5683930546938144
0.56839298364828
0.5683930609070601
0.5683930635259437
0.5683930675854993
0.5683930680604231
0.5683930692121786
0.5683263485326248
0.5683803758939743
0.5683928947430397
0.568312561612721
0.5683930525819595
0.5683930548217652
0.5683930567597906
0.56839305765159
0.5683930114432894
0.5683930592815969
0.5683930626054311
0.5683930631594287
0.5683801572195595
0.5683871867013356
0.5683930343881982
0.568393036322495
0.5683930669339906
0.5683126385647167
0.5672434533636459
0.5683596107463234
0.5683502000776213
0.5683929048691138
0.5683771631690915
0.5683929290559759
0.5683929399112878
0.5683883843224898
0.5683930063651159
0.568386770154119
0.5683930272043582
0.5683930333519283
0.5683768730070711
0.5683886615152688
0.5683930589098961
0.5683930596856737
0.5683144169719353
0.5683930629088079
0.5683930668054604
0.5683930674328188
0.5683930688372915
0.5683930694852889
0.5683930697352363
0.5683930699338515
0.56839307017081
0.5683929631098203
0.5683929994520843
0.5683930086305219
0.5683930119019681
0.5683930366663877
0.5683837277405447
0.5683714275525549
0.5683844656530055
0.5683930513712507
0.5683930637823246
0.5683930652547208
0.5683929089725972
0.5683930678609288
0.5683930694314706
0.5683930701531945
0.5683930702561414
0.5683786723996435
0.5683929849050335
0.5683930055331938
0.5683930134930164
0.5683930338181427
0.5683930357694212
0.5683885139169105
0.5683757526012431
0.5683517040052664
0.5683843786010617
0.5683849449950104
0.5683456657032027
0.5683929838523128
0.5683930094773059
0.5683930522605278
0.5683930546683313
0.568393057797691
0.5683930650268167
0.5683178349369536
0.5683930693209319
0.5683930696473168
0.5683695550102215
0.5683691971054362
0.568393052859634
0.5683930579558877
0.5683930603342873
0.5683929663393119
0.5683929759208658
0.5683929911515806
0.5683930026068318
0.568393069276205
0.5683745672243943
0.5683930677740929
0.5683900781678234
0.5683795872973362
0.5683879943633964
0.5683849104644093
0.5683929863778818
0.5683824222688699
0.5683929985255625
0.5683930040278747
0.5683909111080486
0.5683930113361281
0.5683502583488678
0.5683930614807742
0.5683930632870274
0.5683930638107103
0.5683930647474266
0.5683930664424318
0.5683930671716062
0.568393068865911
0.5683225506937754
0.5683882053352416
0.5683930698388874
0.5683930702045589
0.5683930704379977
0.568376189569458
0.5683930709113694
0.5683920140329614
0.5683847971866002
0.5683930558669195
0.5683675280744146
0.5683734880566402
0.5683930692263474
0.5683920666334602
0.5683930630977349
0.5683892440169458
0.5683867670046223
0.5683817582027229
0.5683888957415251
0.5683930708264898
0.5683884832233519
0.5683855051562308
0.5683930693275264
0.5683800233806552
0.5681138369853332
0.5683602000941133
0.5683770605084615
0.5683902058260543
0.5683535466979222
0.5682369163602404
0.5682585299135021
0.5682478019939137
0.5683898914888805
0.568338174173448
0.5683930629063907
0.5683930544297818
0.5683391212694686
0.5683930701338917
0.568328859109625
0.568393068553793
0.5683842046736544
0.5681019172510887
0.5683930553477681
0.5683737576178775
0.5683602184482184
0.5683930521422045
0.5681900219394835
0.568240721553142
0.5683051551463277
0.5682879761380327
0.5683875748218055
0.5683930552844956
0.5680991944459725
0.5683930692450081
0.5683929794283121
0.5683930705499585
0.5682892690536655
0.5683929943831731
0.5683929996552277
0.5683930042268118
0.5680954475117034
0.5683930702745358
0.5683802314815265
0.5682907422057946
0.5681705896835517
0.5683712941566049
0.5681892171106074
0.5682204802507359
0.5683930700940535
0.5683930626208139
0.56839307026324
0.5683333085339991
0.568385092551179
0.5683930625879335
0.5682937024997481
0.5683892588568875
0.5683930033316613
0.5683930548706889
0.5683930149446698
0.5683930712541045
0.5682384010132249
0.5683930274738686
0.5683825348522492
0.5683344077887372
0.5683448114417735
0.5683856620224972
0.5683774985033626
0.5682967405766396
0.5683129090732655
0.568372720385884
0.5683930027044015
0.5683930170460402
0.5683930211363637
0.5683930241806255
0.5683875310722041
0.5683801299242096
0.5683891665143112
0.5683366161145544
0.5683689407093377
0.5683805620999771
0.5683861125531323
0.5682698297457908
0.5682994459112602
0.5683930703408284
0.5683930702338149
0.5683561462775288
0.5682471488731203
0.5681750571346484
0.5683879116355182
0.56838995414234
0.5683388096959565
0.5683869094330736
0.5683930235974737
0.5682490233269019
0.5683929403554704
0.5682730559342042
0.568393070512598
0.5683847519998366
0.5683930712898635
0.5683894327878233
0.5683930516682445
0.5683818175018637
0.5683930693765546
0.5683930710477759
0.5683930545564021
0.5681088105417962
0.5683930011490952
0.568393069622142
0.5682531858223026
0.5682168434301602
0.5683930578177517
0.5681873865655107
0.5683893782128788
0.5683843652844253
0.5681239517108774
0.5683930712230358
0.5683930681833047
0.568391559807779
0.568279626489113
0.5681479242572413
0.5683888848416319
0.568307261882057
0.5682219428355586
0.5683930700471767
0.5683904533124009
0.5683930710426331
0.5683921918362642
0.5683929888067545
0.5683930012788451
0.5683930050077434
0.5683930132724013
0.5682813227655934
0.5683911058078877
0.5683930681644661
0.5682822270062556
0.5683930703995035
0.5683870007184495
0.5683929764000603
0.5683930634016812
0.5682645248687596
0.5683929340109543
0.5683930708832703
0.568393028495083
0.5683904946417889
0.5683925548536243
0.5683930706996995
0.5683900445138961
0.568393071080903
0.5683930712449953
0.5683851475944577
0.5683827153075695
0.5682366780709925
0.5683925821656632
0.568384261741705
0.5683930232023688
0.5683877566245903
0.5683922507438802
0.5682483316339334
0.5683930597973461
0.5683930628051835
0.5683870815645353
0.5683930569289332
0.568393065793637
0.5683930580569471
0.5683930689921315
0.5683864134174953
0.5683930695593037
0.5683930638862051
0.568393069290254
0.5683930709982816
0.5683930099408316
0.568388000121606
0.5683900123949923
0.5683786465670347
0.5683930627981889
0.5683930715154059
0.5683930682644476
0.5683930692165788
0.5683838215525605
0.5683930597978722
0.5683930571129812
0.5683930669722997
0.5683930643758374
0.568393020789469
0.5683930698346377
0.5683827984320601
0.5683859301726711
0.568393044955599
0.5683930715388654
0.5683930598032666
0.5683929861600806
0.5683898385507524
0.5683930643833521
0.5683896675868991
0.5683930529010036
0.5683930504296599
0.5683930698875795
0.5683917120612795
0.5683930598128775
0.5683930628185655
0.5683930692217757
0.5683790373000994
0.568390911644508
0.5683930643955031
0.5683930219055223
0.5683930598505592
0.5683930574583972
0.5683930715640951
0.5683930699896437
0.5683930101586303
0.5683930644215518
0.568393062864238
0.5683930692337736
0.5683930316623877
0.5683930700619813
0.568391351521499
0.5683924112295493
0.5683930504206905
0.5683851545001352
0.5683898875314328
0.568392567940759
0.5683910619046794
0.5683930437879409
0.5683894487541336
0.5683916717397731
0.5683930715528063
0.568393053602475
0.5683930715996813
0.5683930716473476
0.5683930716848881
0.568393066161315
0.5683930629345219
0.5683891586829091
0.5683924820956673
0.5683930683141375
0.5683921424259433
0.5683930661743894
0.5683905632864613
0.5683904302907389
0.5683930701529999
0.5683926965086399
0.5683901181364589
0.5683930716824583
0.5683930714803307
0.5683930500437249
0.5683930717611535
0.5683930702587787
0.5683897885008973
0.5683916725808431
0.5683891595939261
0.5683928368471105
0.5683926730618444
0.5683930716537947
0.568393071667315
0.5683930717573288
0.5683930718015782
0.5683930704434133
0.5683930701090807
0.5683930646511308
0.5683930706502435
0.56839306487728
0.5683914575565199
0.5683920511714871
0.5683930580353256
0.568392608716889
0.5683930718008271
0.5683930672105437
0.5683589877220823
0.5683711796932917
0.5683746429179783
0.5683775633257774
0.5683930715070595
0.5683930649942833
0.5683921401250731
0.5683930715084504
0.5683930716417752
0.5683930717792092
0.5683930708236257
0.568393071513066
0.5683930704534067
0.5683911334423777
0.5683930715185009
0.5683913228556707
0.5683930718328148
0.5683918056915664
0.5683930718504872
0.5683922250522913
0.5683930708539341
0.5683927031294149
0.5683737999452134
0.5683837685803318
0.5683900175369359
0.5683930717327812
0.5683930718862739
0.5683923290040693
0.5683796882747641
0.56839246870108
0.568392650483734
0.5683928934264317
0.5683930718183342
0.5683856572067688
0.5683913039512729
0.5683930717448253
0.568391617132751
0.5683930717923622
0.5683930718739653
0.5683809981974316
0.5683917661198287
0.5683913942794158
0.5683875612353272
0.5683919188657626
0.5683929120924041
0.5683777660531987
0.5683924356987826
0.5683930718352036
0.5683930718595382
0.5683930719026274
0.5683908708705202
0.5683928849895823
0.5683924918746436
0.5683920764688499
0.5683880386915716
0.5683927156118361
0.5683810169315708
0.568386087642412
0.5683930719043291
0.5683930719697743
0.5683930719222313
0.5683930719462064
0.5683924821315333
0.5683930719225592
0.5683926227152452
0.5683930719544202
0.5683930719343175
0.5683927861332039
0.5683928815928322
0.5683930719791437
0.5683921896111348
0.5683930719809687
0.5683930719829754
0.5683930719699225
0.568393071971592
0.5683850355669234
0.5683926753163296
0.5683930718544051
0.5683917176658281
0.5683927932398937
0.5683921490497704
0.5683924548371514
0.5683929036365932
0.5683930718923561
0.5683930718702319
0.5683927438243692
0.568393071974248
0.5683930719727502
0.5683930719850587
0.5683930719688218
0.5683898705959127
0.5683927160937623
0.5683930719855088
0.568388614971743
0.5683877310392581
0.5683926136310588
0.5683930719868298
0.5683905614072852
0.5683888441518957
0.5683898284142601
0.5683930652080236
0.5683925081345389
0.5683930639008294
0.5683930719760665
0.5683930719188243
0.5683926910237549
0.5683923621340198
0.5683930719895306
0.5683928497121891
0.5683897183008716
0.5683904924608872
0.568393071983297
0.5683930719875453
0.5683902020561534
0.5683908486480626
0.5683929557610499
0.5683930719879586
0.5683930719858137
0.5683904093952518
0.5683930719884103
0.5683930639679252
0.5683853050076926
0.568393071964156
0.5683930719674946
0.5683930719709825
0.5683930719732514
0.5683930719788202
0.568393071981513
0.5683930719859531
0.5683930719866438
0.568392271257385
0.5683930719921829
0.5683875042106404
0.5683927973509312
0.5683929228714487
0.5683929368712484
0.5683929972920627
0.5683930640267707
0.5683888708487624
0.5683930719975449
0.5683930719982859
0.5683864952287877
0.5683930719996856
0.5683930719526581
0.5683930719939512
0.5683930719738711
0.5683930719869004
0.5683930675267806
0.5683930719952339
0.5683930719977406
0.5683930719994477
0.5683884838769381
0.5683929148763814
0.5683930137515028
0.5683929549913772
0.568392975903122
0.5683929849220544
0.568392993122671
0.5683930005356304
0.5683930719969496
0.5683930719982248
0.5683930719994595
0.5683892980875744
0.5683930719940827
0.5683930719855371
0.5683930719977962
0.5683930682419664
0.5683930719982718
0.5683930719768413
0.5683928544651722
0.5683930719794092
0.5683930719581618
0.5683930719970577
0.5683930719978524
0.5683930719982963
0.5683930719818779
0.568393067554577
0.5683929415024973
0.568393071988248
0.5683930719970948
0.56839307199788
0.5683930077759634
0.5683930719988627
0.5683930719690513
0.5683930719712232
0.5683930719910608
0.5683930719861486
0.5683930719979092
0.5683930719988817
0.5683930641391983
0.5683930719979372
0.5683930719944383
0.5683930719887421
0.5683930719989185
0.5683930719972142
0.568393061790785
0.5683930719999607
0.5683930693880423
0.568393071998938
0.5683930719992196
0.5683911650291988
0.56839307198616
0.5683930719847163
0.5683930719359428
0.5683930719997529
0.5683930719756409
0.568390283265944
0.5683930719973166
0.5683930642416386
0.5683930719984667
0.568393065041212
0.5683930663967323
0.5683930719995919
0.5683930719992684
0.5683930719807082
0.5683930719910842
0.5683930719586985
0.5683930679024571
0.568393071995728
0.5683930719591604
0.5683930719997855
0.5683897836860354
0.5683930719917125
0.5683930693958802
0.5683930719267297
0.5683930626286676
0.5683930719865022
0.5683930719769446
0.568393071970228
0.5683899551183741
0.5683930701686821
0.568393071988144
0.5683930696336137
0.5683930719980745
0.5683930719989823
0.5683901369598635
0.5683930719964745
0.5683930719897398
0.5683895241410811
0.5683930719999936
0.5683930719771633
0.5683918333105106
0.5683930719924022
0.5683930664957866
0.5683930719880442
0.5683904369158993
0.5683930719931901
0.5683930653894353
0.568391532140649
0.5683930719965837
0.5683930719996035
0.5683930719998825
0.5683930719962761
0.5683930719999934
0.5683930719981156
0.5683930719901216
0.5683930719983019
0.5683930713513047
0.5683930695470527
0.5683930636778326
0.5683930704793778
0.5683930719257791
0.5683930667937592
0.5683930719816234
0.568391789731033
0.5683930719859285
0.5683930719927703
0.5683930719941132
0.568393071995605
0.568393071997709
0.568393071998579
0.5683930719991456
0.568393071999247
0.568393071999433
0.5683930719995176
0.5683930681021674
0.5683930719998681
0.5683911549150295
0.568393071511995
0.5683930683097453
0.5683913216481509
0.5683930663414652
0.5683930690016623
0.5683930647250575
0.5683922979513457
0.5683917461543834
0.5683920374949615
0.568392223583152
0.5683930671743357
0.5683930659244828
0.5683930696547507
0.568393071976809
