0.20355582494638896
0.35761435602709546
0.2603436300407446
0.28677565447608566
0.14879032658224944
0.17512852531794149
0.10849394637942121
0.1355852885952255
0.2596631410608391
0.18348416417827193
0.110059295992308
0.33933186191403636
0.17278003627751806
0.17502412894019817
0.14180061274677588
0.31442366461916454
0.18514465828582802
0.16002278278075113
0.15122758292497449
0.10872539170136143
0.11372662348454578
0.14348468494047015
0.2536549993095523
0.11432397452345236
0.10908616647937823
0.2940031081959813
0.138406344607428
0.1625096869194208
0.1504390136512282
0.18224391975574045
0.49974649970143564
0.5540573978661644
0.11266540584720264
0.24319929635514134
0.17330534147378107
0.18247905655681138
0.1752155981097983
0.3452996987300059
0.15511000120185298
0.3722358592804901
0.44282187035181225
0.3323611104925441
0.16985391618512768
0.3460396868987725
0.21831235119020911
0.2027223370000766
0.13035879114320942
0.11442210298538824
0.10983781547590174
0.2515071249571685
0.2918038185786491
0.4968662687262711
0.11306462228894995
0.10005668125703987
0.12271723597263784
0.15789983016033948
0.0945629276456795
0.09841723189677551
0.10511194043954424
0.0981295659598107
0.09053288089540704
0.09313930927449304
0.09380763451565555
0.09267997123441367
0.11003505358211099
0.12383066926012645
0.09972892409588684
0.2983566737413727
0.14464608380691135
0.09590339275713242
0.11077003845590488
0.2474964857310313
0.2647988710294526
0.10408467335085997
0.10479190400032558
0.10970995943416093
0.12433226910278099
0.12799237816808473
0.12852254625690196
0.1324657657654748
0.1235568210906935
0.19256415788178455
0.12652932157944147
0.12470745706693503
0.13092097904109892
0.12101800462195675
0.18750223578704175
0.1796854277370279
0.28455792831685567
0.25786467433799715
0.19414417745262594
0.1810856331843786
0.09914068863390522
0.09388729007396066
0.1422646763079355
0.13249078734420677
0.10498405986684839
0.1300282877244133
0.09342744216288662
0.13528471704257788
0.10938408554402722
0.09148384581319659
0.10035925701888027
0.08844004104015812
0.09296050664424702
0.09151699335348787
0.09354450389373757
0.14686055160937
0.10028186421129323
0.10341814124581936
0.2126406257077773
0.08769952803291317
0.08663450119306486
0.08945534289592086
0.08934054285831931
0.08973492456794298
0.09157486842970353
0.08809417128423762
0.08649452460308786
0.08767687387721626
0.09254435834199524
0.09678429012539151
0.09154240140357847
0.09319644748963701
0.0890919383236551
0.09003545489427879
0.0997481445035039
0.0922173464010191
0.09185067779768762
0.09497278829351682
0.10221278751211628
0.09185787484613735
0.09864745326842729
0.09179816816831968
0.09277478412741319
0.08759332805522577
0.10919998292045974
0.08794440044808047
0.09451760138575337
0.2588577482191674
0.08708169648758227
0.09289383524260889
0.08941597044491999
0.11689191354255324
0.08799236945908288
0.08918512699821378
0.09089619777929081
0.09114374222080426
0.08956039223560583
0.09153214540027328
0.2431874359678238
0.10590402225632944
0.09512084717746427
0.09422239848045513
0.08821721295621367
0.09018742485960286
0.09589822748461682
0.09012270799460861
0.09358140023723403
0.0954654522538266
0.09346826125523355
0.2133717717770076
0.09478427149195848
0.08719629704101482
0.09380813534756662
0.08998462836072287
0.09341059940126568
0.08732317010266408
0.15481166225062695
0.18014071270214202
0.10160529930673175
0.08971443180819957
0.09312072304891147
0.08428633021485116
0.08981452170637537
0.08966207545685596
0.20401202465232282
0.08890486118439253
0.08893651103714381
0.1309928259277675
0.08575248086738202
0.08714566309546615
0.1225563277204415
0.0991516621905602
0.09421315682896923
0.09150013476118526
0.09161121621182601
0.08721504992669694
0.09819798936990792
0.08745517012655357
0.08833251164528125
0.09133788348687479
0.08746441177846531
0.08848226976884305
0.08737305835482799
0.08883897059285586
0.09101420403129214
0.08923431654341774
0.09009724622422002
0.08933169893602763
0.14448322579983902
0.09471695333049326
0.08888020260512167
0.08733097869086938
0.08908969665687959
0.09100108176496906
0.09111255089275082
0.08644906793518893
0.08687391678246918
0.08942091128552367
0.0914803991040224
0.0903135869589811
0.09096758619607995
0.08918563119612187
0.08817415697183223
0.09035534568533045
0.09610478165088439
0.0870581557124008
0.08996294002549139
0.09075375224973152
0.08933859211210474
0.0967922798215829
0.0884267514493508
0.08881452643583919
0.08944826334002032
0.09029804931090869
0.08750425825904679
0.09295233960129863
0.0872499651452021
0.08796746020968703
0.09522081580105833
0.0864433717710765
0.08765075067614125
0.08534119138446189
0.08556555925967238
0.09948333143810284
0.09046224866694552
0.08522205577736336
0.08634325611773722
0.09246226589413062
0.08685926372471123
0.0874855953756212
0.08590116122541415
0.08915293432113267
0.08817277332466324
0.09636448558359995
0.09824899367754812
0.08667762837522192
0.09823652597667498
0.35002179941596195
0.0894381415675697
0.1220279134480686
0.11792263435313505
0.1057776762062467
0.09196678248788838
0.08507159233819678
0.08507734743967243
0.08595273977083794
0.09103676391584509
0.08506638796848454
0.09175839811936877
0.09316902674368487
0.10510158009055179
0.08824494701385052
0.08507769926726892
0.0876524633975882
0.0872056545990099
0.08906421978543115
0.08727279674689012
0.1430806190598093
0.08772839069882249
0.09493744943513432
0.08505924439803393
0.08768148679902919
0.08833920889235548
0.08897991283491112
0.08809974544708551
0.08709849485961263
0.09122080370490825
0.0866164360955397
0.08716155043645095
0.08653667562642944
0.08573468726959349
0.13475050336207137
0.10724325517567579
0.09601015961132435
0.09275240885587208
0.08827540143922677
0.08591410886589952
0.09562775985290671
0.11351082400334567
0.08696975381602907
0.08997373062833955
0.0868534500320255
0.08609232263275052
0.08676324404912049
0.08662704438825204
0.0863743481090725
0.09325183849727596
0.1001070171856963
0.10204205076561518
0.08788000600966916
0.08606683385215991
0.11198859492066014
0.09393704571889092
0.09977923095594658
0.0864390740520527
0.09102221896988544
0.09826895765844969
0.08931022900327057
0.09516459994967365
0.10222197167459444
0.09180451067388896
0.08950460160657564
0.0947550197702708
0.5479175687916151
0.09265381946481144
0.08872436524597113
0.09649827139869441
0.2375795033477216
0.08614186651303053
0.09347445868584454
0.09133039059923904
0.08858983568326616
0.08727352679886775
0.08598048054481645
0.0867757884605662
0.08970884721378018
0.09873870665040722
0.08705391899829575
0.08737563753102312
0.0952098505899256
0.0997623486965329
0.09329189660484319
0.09348489002882529
0.0874937466468175
0.10234659120050885
0.09347840031036275
0.11958524999173262
0.10831253734991683
0.09841022040802627
0.08469211337160759
0.10543730282754255
0.09097939375413953
0.08802165892602282
0.11843575159636603
0.10129460058943363
0.08665668592530133
0.31551088415902173
0.09072727932338472
0.08692327493365323
0.1978952591354054
0.10501956235215511
0.0905479034505285
0.10787301343719992
0.09390874464207924
0.08777687429588617
0.2850056448882459
0.08791809081307528
0.09027745146406858
0.08566629414234857
0.09065036589260084
0.08589172658307617
0.09023814016858625
0.09079748462292239
0.10250649758827272
0.0959796703003004
0.10209688841648208
0.09313326272541798
0.08746822350163308
0.09403526204926523
0.09241393079384581
0.08937665852891759
0.28329575261991324
0.08891147271605501
0.09085305841466641
0.09029303623976667
0.09036554499254085
0.09372457095248711
0.08796943015352032
0.08777880863216592
0.08759448623450382
0.09290382256552623
0.09639041762960678
0.08743568670528563
0.10514726458943087
0.08551612880359824
0.09722371620304403
0.08727640117651968
0.08831368957604518
0.08515721936469924
0.08669722942983685
0.08525024375315468
0.09733731723783834
0.10954237238577055
0.10252705024748925
0.08770673263337851
0.08886175265154168
0.09011150155682279
0.2289577296619885
0.08914849489206769
0.08393731684280716
0.09894690665450598
0.08368253366435882
0.08938295811349888
0.34165959926021483
0.09444110574873134
0.09336682498408037
0.09502774121055922
0.09044328748143823
0.09374868712864207
0.08780371653629548
0.15119386947112637
0.09205652123849675
0.08992490652873404
0.08863284959907097
0.09271869515502525
0.09291513895056704
0.09597093915489126
0.09075900883548918
0.0861526114348404
0.08942036762328197
0.08791362609836419
0.089951968139121
0.09183607408673376
0.08876246725451255
0.1015742713165559
0.08773297268928636
0.09166894010339882
0.08774803570732323
0.08682850391110475
0.09006211543440962
0.08932607423056046
0.09543991544929036
0.08914116820844616
0.08869079994960465
0.09927734469092207
0.0938742626656351
0.10563827937315168
0.08846198591644167
0.08690219480038505
0.08659986963786874
0.08995878777791277
0.0889822733968301
0.08937684815460323
0.092105576686532
0.09330348610457491
0.0913576333127065
0.09638227733191268
0.09128166158918805
0.0864257084633394
0.09159081645059053
0.08894464152388641
0.09050009796602204
0.10183307505841972
0.08750545889114507
0.08959937901508039
0.08839405021308294
0.09483052184277975
0.0877404876994578
0.0841161257412431
0.08834595429969005
0.08843667913418427
0.09031362193573896
0.09516772702345998
0.08975379152456843
0.09354837200542519
0.09192021953752291
0.09132012304440253
0.09049013383129444
0.08446977834948984
0.08619661289252493
0.08666853010063631
0.0869849685044487
0.09055976018691908
0.08795249183290496
0.130498574463902
0.09518770972829597
0.0912508183342852
0.08857433607947902
0.08661413779096276
0.09798903515594351
0.08534198182243907
0.0936826398998685
0.08374685206746035
0.08841994212859962
0.15476928672299836
0.08959328966764994
0.08733371790480493
0.09628156868413595
0.10622907911774018
0.10237187622373717
0.08873923110082473
0.08993505725931049
0.0934495474952373
0.08972317038320678
0.08705419965509228
0.08559891129012945
0.08752546492345249
0.09212044581869505
0.10434193845605007
0.08822967486243101
0.0876379836133235
0.09538488382066541
0.0859475272762572
0.08968904425614514
0.09082998350988945
0.08921270712892677
0.08556030001860983
0.09127045526645497
0.08602738029537446
0.09135909029017575
0.08970423262887409
0.08648220255890478
0.09196495124871133
0.09992126860927696
0.0903342548873408
0.0862598753496359
0.09374807597253948
0.08686730934108669
0.08980636073910049
0.09065502604367473
0.09631574925181907
0.08796157611926492
0.09299961443783827
0.08585567371134946
0.0916384769119245
0.09480055812749155
0.0897058649487546
0.0844547191604281
0.08919020325785365
0.08405428282968233
0.08678749319055341
0.10384728755634835
0.09393099467118438
0.09125556490659995
0.08804935208874964
0.08975377324933233
0.08420221965051869
0.0840913621893559
0.08738275324255972
0.08753511937757978
0.08949511036836925
0.09113115082538895
0.09072868041402661
0.09444508333946071
0.08496609847475466
0.09389492913536697
0.09334419789881657
0.0911921906280239
0.09361437061466867
0.08674273707857517
0.09203000866361243
0.09544175434629842
0.08726513658318154
0.09208748467476854
0.08820330703674856
0.08897097618092811
0.08516887247519583
0.08467617359731569
0.08664941815923025
0.0927579961102419
0.08573480798354811
0.11512238208656429
0.08928733564681021
0.0931080438363957
0.0975578727972281
0.0941245095061588
0.24840737108218264
0.09299912929961887
0.09148009207748897
0.0895722738047238
0.09425339763756359
0.08952025101683986
0.09113292881179776
0.08509173505951038
0.09346893073293801
0.12012494837800677
0.09122727439709663
0.09322518076613243
0.09620872870481594
0.08968520242352794
0.08778002890302015
0.0918018126710814
0.08922741451647237
0.09220618734047598
0.09372103647721815
0.08427831739362851
0.08696945606280276
0.09310918694339719
0.08498764144224384
0.08421739269863525
0.08507664585672552
0.08783111915626116
0.09604523298282677
0.0926196137591729
0.0875253122702314
0.08820225045140714
0.08827894001750237
0.08685908567755635
0.08894211621259462
0.08529841774705518
0.08671834880577187
0.08636968005691945
0.08637164604298334
0.09009861831125068
0.08992694598688135
0.08709498548447366
0.09020016224449352
0.08807614998293263
0.08744036633053147
0.08622080245585007
0.08562340376884088
0.0861934692920037
0.08914644860623688
0.0899213601721745
0.08983044233541333
0.08707888755482912
0.08653822901110671
0.0922286258937568
0.09223772262830802
0.08949577225452364
0.08803138097428949
0.0869619176006681
0.09866111423839663
0.08771904084203272
0.09389035506421933
0.08802860361964217
0.09333322402635805
0.08707570809677402
0.08871388586787982
0.09591741520459181
0.08552404901101367
0.08965120702281802
0.0864898382421031
0.08743425731624321
0.08646264487041166
0.1363157509947607
0.08654028384233772
0.08932454955462775
0.08929165430128824
0.0890040296765228
0.09071610105379262
0.08911147419147945
0.09021586600505703
0.08989160748027608
0.08988141735400536
0.08722010923606624
0.08659409704365383
0.08530681965656807
0.09491458596885087
0.09021614104475406
0.08900904269235047
0.08794405661986922
0.08926576173487706
0.08858671226405652
0.08959582135638508
0.08890911748138595
0.08983430300237585
0.08775733613687556
0.09802010511278327
0.08852034151079885
0.09227057141271532
0.09881869349289793
0.08837857447277417
0.08902995456994124
0.09313120580291288
0.09659343737566232
0.08654051474757675
0.09074752675821235
0.0917239371068927
0.08531643762397638
0.09073745579600384
0.08588951901678568
0.08904415447857886
0.08975169413413864
0.09059322654802736
0.09045975934401165
0.09058561447699302
0.09099198460874829
0.09118306859454717
0.09277057383677649
0.08747061012548454
0.08548314694779942
0.0885991278556509
0.08772533560089857
0.0887444666734573
0.09040102591452949
0.09613256956135889
0.08475967050969924
0.08782960896008567
0.09720732438815215
0.09026579434331068
0.0926961499278869
0.08890349913885326
0.08978258304431312
0.08564683141985185
0.09058434965320374
0.08932157382525738
0.11595412118500668
0.08581620224148075
0.08839675684977191
0.09439296060386493
0.09552070499373803
0.10813571847193384
0.09504734617855239
0.09465497427088258
0.08483670081738869
0.09988524207827511
0.09168027810515522
0.09068971211734224
0.08745610829232059
0.08685584722797465
0.0962352358866301
0.13970004771821637
0.09423830731315994
0.09698581385878767
0.08519603639999834
0.08733050369967013
0.08782971507680803
0.08592174833608898
0.08444308144192135
0.0857265465451582
0.09312952281858812
0.0869026543505871
0.0894166458303787
0.09146737116468082
0.08964734339606091
0.09089943821741805
0.08838953595818891
0.08962227848837574
0.08598436526372127
0.08572020137443595
0.10298161101451656
0.09387425452429826
0.08631434169201761
0.08701165435947321
0.08861406786378945
0.08588351877738969
0.09273276479892238
0.09054075455642213
0.08959616578943844
0.08520256081957608
0.10506586880978427
0.09260597927557164
0.08777323644862804
0.08604910957534458
0.10893998994625269
0.08697697155938906
0.09628624966238865
0.09403323851103562
0.10298132807865651
0.2090793832884451
0.08509590730612111
0.08515727800117058
0.1431455097973836
0.09392451257307523
0.10048081141288452
0.08619815497809129
0.09297404819184577
0.08475970024405012
0.08779497629313543
0.13720999564113515
0.09823067105392652
0.08926305259195508
0.09441446610238759
0.0906317236128686
0.1013407754585961
0.14269904917781026
0.09049894025202031
0.09174472849119349
0.09333874784564476
0.09371216816712093
0.09285579804768226
0.09426317332272878
0.1554561500279738
0.09253507075718936
0.09177908076938053
0.08582547106969837
0.09367712813267105
0.12081553398966924
0.0918793194932455
0.09111861243316637
0.09143657938516359
0.3960382669471797
0.0895574857526353
0.09505330336983696
0.08530818074765202
0.08693376061347217
0.09511389421381582
0.08590727271336025
0.08462443384925898
0.08529327098542343
0.08896188228551481
0.0846305696208337
0.14178786916566266
0.08444415476171867
0.09067964805250386
0.08751690081967879
0.08568765597776391
0.08429067793232352
0.09116447147326207
0.08707396632756306
0.08417046597218542
0.11404341959732242
0.09089947988719277
0.08457004412147132
0.08497124235688618
0.08355366258649007
0.08590549590976715
0.08649245891950287
0.09175591524622949
0.09178324173391367
0.08496369316432532
0.09034365655657824
0.08472014576293664
0.08451313055180346
0.09524279770661265
0.08833257347980401
0.09412784989796122
0.08827692898099812
0.08512438175151187
0.10057675164193884
0.09316536800248139
0.0984200746766144
0.08670770326257934
0.08737428009740195
0.08593531144373903
0.09187697838470493
0.0994646416772551
0.08509564321686351
0.0851480426484538
0.08382274418631798
0.09788966235832448
0.08725630337114676
0.086736519335516
0.08713806859598165
0.08606902333813786
0.08707138969313812
0.08697567911943872
0.0841950145832135
0.08780109709641566
0.1072167538494028
0.08457867332371562
0.08516822259858112
0.08459295959596616
0.08834970716752931
0.08662622719759608
0.09071710206475807
0.0864496125781343
0.08626941108703497
0.09708444587582798
0.08660237763359156
0.08722481918104368
0.162208700074553
0.08613703706215986
0.08594048885941859
0.09124783677884919
0.09099384521969384
0.09171360063642177
0.08494224345452935
0.08610751427820268
0.0873044889732282
0.09288043331234162
0.08754986909056932
0.09232105679627295
0.09133561137839274
0.08980778101378992
0.08555197255923494
0.10084355503088184
0.08556974047813747
0.08382130160849224
0.0869971918602317
0.08792934353209318
0.09327238311042707
0.08972651822319674
0.0848223975645369
0.08457208380643534
0.08335733515014213
0.08605611895303904
0.08660495164405685
0.085428961107032
0.08407722971981363
0.08429277856551425
0.08358653414418481
0.08413268262377065
0.08502088452144382
0.11008546035213684
0.08532855024128368
0.08531282535260923
0.08354987872966277
0.10137439591249302
0.09195423709813311
0.14040044675720967
0.1183854309585762
0.08395743941055497
0.11923958467113784
0.0841756945274714
0.08423770258053512
0.08711234280504392
0.0859128758968812
0.08598489279980408
0.09564039709758787
0.10715189044829847
0.08406707931719869
0.0834327938371663
0.16446415569009146
0.08865743217030893
0.08649860525870154
0.08332924974596205
0.1349570190941164
0.08981460081793394
0.08436468009298971
0.32897589096270824
0.13581054821500022
0.10542095891740509
0.08726158150431086
0.09115154021114556
0.09079886683136512
0.08664876347251765
0.08623001824364554
0.0862760582712526
0.08882944592729893
0.08496674373048373
0.09441637582822845
0.08373471371632736
0.08513425300005344
0.1438409402846385
0.08858653690193484
0.08943677617860202
0.08526812647195378
0.1771523398656418
0.0861661188032011
0.09857542678809716
0.11794261269285243
0.0898963851139766
0.08520463660746509
0.08809411958821113
0.09003002285253676
0.09342029508322273
0.09786884981945836
0.08962979316267654
0.08877324934493702
0.09342013740599646
0.08585722005797455
0.08357218755088697
0.09506032107838448
0.09042033740305266
0.09104938616280017
0.08439075239984872
0.08821606910304254
0.08497104814702786
0.09552264474084554
0.08949767334526998
0.08649683740444535
0.09025512767126725
0.08300940766683466
0.0832745095516333
0.10424711247241036
0.09707145110464865
0.09027971014001383
0.09334073613143858
0.08316390175661298
0.0882868416456728
0.09171411872620984
0.09536432855788193
0.09454846321766859
0.09286385236790164
0.08902803634292607
0.10014959575255691
0.09260968601629273
0.0855620107426416
0.08889463033165028
0.08650027556573159
0.084232628444209
0.0835925671039015
0.08612011137561557
0.08921786703436393
0.09180651475118982
0.08553424665818764
0.09141738536194415
0.08453813370484012
0.11054165237450987
0.08835665749593012
0.08935856999313066
0.0855997238834847
0.101956551371254
0.09007479671686644
0.08406265555831959
0.08468348563288246
0.10073155416776487
0.08389182970534609
0.09898547521701455
0.08734166872785777
0.10025500004735875
0.10661659827284455
0.08753472546063377
0.084190549456176
0.08603153744188884
0.08631876035825534
0.09203635016369625
0.09636075616560519
0.0875330961317327
0.08885186932494181
0.08473659741228116
0.08423849915692642
0.08581873190500777
0.10546207191406011
0.08433481090831907
0.217800682879285
0.08931903187852078
0.0931210982976278
0.0844980226358022
0.08579342938536448
0.08944408444854872
0.08451822264972036
0.08807516660503646
0.09495085953131915
0.08444122698154824
0.1026942469516057
0.08777695948386352
0.08701486022730318
0.090641401986246
0.08605564427184283
0.08452447295015224
0.08924971930239563
0.0846104131971769
0.08885454458809627
0.08723858484046704
0.08463163783311722
0.08749286529303357
0.10174943715826448
0.08428915074938344
0.08775287038659493
0.10093220304482951
0.08748738811448521
0.09148917676452237
0.08745995039182654
0.08559642922098859
0.09200891194938021
0.08807544438977923
0.08658501466227851
0.08742744561719183
0.09264949704983119
0.09289584286515712
0.0941712584029077
0.09164944191652738
0.08630075421109312
0.08498083141288984
0.09881788061144485
0.09374634224957702
0.08747910340887123
0.08816527079236317
0.08477569197854855
0.09182806217691884
0.08532216696213281
0.0849075921308484
0.08486027280628394
0.10464178225195148
0.08592237390984754
0.10174222983596769
0.09408813166634925
0.09191109096642872
0.09379957861358797
0.08520628569808088
0.09519626469569277
0.08510304528482737
0.08381601335472785
0.0844188058489911
0.0888716151641359
0.08543968006013021
0.08890575320928713
0.08980158048034631
0.08552304480380167
0.09134286951555236
0.0897074670574542
0.08717197734310701
0.09118903542339862
0.08465460368904132
0.08570737030247082
0.09473648641288282
0.09577776212251787
0.08565532058933607
0.08510123802240187
0.0891983150021283
0.09871614673837824
0.08943264493134215
0.08786262907248593
0.08884713928863633
0.08626491061928519
0.0871034921216685
0.0846590372927804
0.09206116163774648
0.08888982324511402
0.08682668674250789
0.08672822556371085
0.08799776672955313
0.08765692319590018
0.12486421903887308
0.0885349586580971
0.08479538729412248
0.12611778444890853
0.0956522356921632
0.08585093418844657
0.08655696659031346
0.1250091508161704
0.0855635064763364
0.08598262917794201
0.10072285344373243
0.0898112818300232
0.09161989576576372
0.09459792842950315
0.08677461112126021
0.09270709397121184
0.09355792977597824
0.10415700131403234
0.09472571975092312
0.08901419822820426
0.08883359259877661
0.08665928799715875
0.09063934809302314
0.0883407747844319
0.0900015778242612
0.08638330565781242
0.0868243071729611
0.09135701119953474
0.08801636363433252
0.13755460509230727
0.09625221921262901
0.08781639803891407
0.08642721787355861
0.08540483656443909
0.08734688566076146
0.08643078075631719
0.09606348438071088
0.0894515407839719
0.08931140680247157
0.08880399183195446
0.08656601722579942
0.0904222955153513
0.08738591052074096
0.08496995478647959
0.08534507928039671
0.09286146184752998
0.08706487502433828
0.08603495752716438
0.09776823694523602
0.09087896295902444
0.14179117980559164
0.09001154113069197
0.08792256894962684
0.08359595061075123
0.0930521815862053
0.08704704096630454
0.08932263218074993
0.0874987969721535
0.09109194229938185
0.08817678343552786
0.1017342333559709
0.08504368585741708
0.08921915386226942
0.08481322760966456
0.08421494902506904
0.10553875924084581
0.08690057557422111
0.08667846686258154
0.08850161890481721
0.08935676702611436
0.08667709089222171
0.10430367827843365
0.08842293294912915
0.10126737456474903
0.08464204251649732
0.10012504051071563
0.10545773560721779
0.08706019327943759
0.08453871575571499
0.08746041165473455
0.08795097925325658
0.08653523392822239
0.08916550352331952
0.087989288339536
0.0918709281067964
0.0848802133628171
0.086064710641513
0.08878362900731168
0.087145967947518
0.08664416807943398
0.09460348444470809
0.08775701715776776
0.0915958279470185
0.08635071956242678
0.08942207145814263
0.08827941830104416
0.09808436834585886
0.09220465204814673
0.08864906605510284
0.08506456799950313
0.09673997152895039
0.08470466359987011
0.08453903154727402
0.08845827433547745
0.0871193012168138
0.09015663800220218
0.0875194076323867
0.096035174534816
0.08647813103381573
0.08689380829767347
0.08724145659926275
0.08538216937351249
0.09372919893963416
0.0957237136550561
0.09433244798505216
0.09241726023757481
0.09016875087645998
0.08749408764338781
0.08608193416437245
0.09152022052388126
0.08801185256453639
0.09569544057765793
0.08429106043791156
0.09785756899908592
0.09571187713623797
0.08823697208815859
0.0842034443776307
0.09147357455334533
0.08744777733239008
0.09021894328593615
0.09001302039312575
0.08703502791685283
0.0888718909975428
0.08933658312751112
0.08709138176168799
0.0969836361756715
0.08807320011650398
0.08781575760305743
0.09474238841881509
0.1029949258954106
0.08569242303280104
0.097873063053745
0.08962956395963126
0.10990661902761964
0.09087784024671818
0.09031282342532042
0.08869791257659485
0.09058818738512088
0.09385521221088354
0.09367760544709985
0.09227541386943115
0.08621058092014873
0.08693151806530508
0.08620276943526356
0.08604573906026725
0.1008287879016325
0.08798870151096445
0.09455949545844462
0.0877476295936431
0.08957545102176097
0.08950781934517528
0.08655487589574985
0.09605181973238036
0.08918665017544657
0.08717189234068534
0.08830719677708052
0.09415182760516821
0.08438605075703293
0.09703034239010844
0.0864045019969127
0.09029945837562706
0.09096798022745
0.09656065524094522
0.0942594992760799
0.08506751446403041
0.08922494286637624
0.10058190918657542
0.08961246184253058
0.0924984776292198
0.10201448892320472
0.09466754536025111
0.09286306332639699
0.08841941642818153
0.09473631970347059
0.0929861355843704
0.0879567577922632
0.08697787926532405
0.08753361552128977
0.08442503859930992
0.08892746263218873
0.09685818385456645
0.09237743941194461
0.09023999492135343
0.1181299999067137
0.09010643525598248
0.08883207345081007
0.09282114550127898
0.09419862400953036
0.09773604851980859
0.10817888818688465
0.08808497366399805
0.09004664705184545
0.08867490457069996
0.08821282191613074
0.08787387730605813
0.09036402393204453
0.08521736275889896
0.08545755885775141
0.08849850059820807
0.08863562011134617
0.08674021042368536
0.08816779024608615
0.09236708445163791
0.09700925328213526
0.10042498275105693
0.08895193780867569
0.09889465901563996
0.08811437040820605
0.10107140631403191
0.0850081506194927
0.1003261993931136
0.08981961820485027
0.08803747983525154
0.08715245914822996
0.09102568940625336
0.1179121939772823
0.08544161463666673
0.09054394513092497
0.0848775725106203
0.10375674316517479
0.09358204161336457
0.08690090480477075
0.09253190013235174
0.08453214544870095
0.10330503715380213
0.09072208218552275
0.0982353611983702
0.08426509090943081
0.08413929647016447
0.08788556120461044
0.08872581417250532
0.08866113077905567
0.08623737801531642
0.09044860757118212
0.08835280381800956
0.0864016243734217
0.10136950684384999
0.09699941802793667
0.09010575753166923
0.09137976986847661
0.09338723922790672
0.08984740290118576
0.08529076745685632
0.09426558514609662
0.09166209807108391
0.08903915967128953
0.08746815991081297
0.0911362294216235
0.08883721994260714
0.08666002556094449
0.09735945039515359
0.0876398221880564
0.08633285223133934
0.08763450959924793
0.10059239558777754
0.09662432181044245
0.09203318105798385
0.20111331632297985
0.09664241630908771
0.09705354441784282
0.08737401932360969
0.08936637506977331
0.08851243330676144
0.08603045193290264
0.08618287680940062
0.09270855860942462
0.08614173196062486
0.09063140749301815
0.08635386009360844
0.08575007734139144
0.09596309197710066
0.08787990356549959
0.08712618355546836
0.09447061322754689
0.14518876974944678
0.09451002966018093
0.0851706072724485
0.08647820727355914
0.09165850856299013
0.09238919103315846
0.08595431526589328
0.08770684784067967
0.0864548998114774
0.09290509936842425
0.09393043062446758
0.08574111441141265
0.10092050513498013
0.10238224859316442
0.1057824556663088
0.09298425375622991
0.0874910135973316
0.09292417654836381
0.1311866473875567
0.0864153889689202
0.08625581429238269
0.08701234433094927
0.0947919912594999
0.09520972855609716
0.0930065529795476
0.09666067266236991
0.08558774119026943
0.09199810802705263
0.10205269531898735
0.08682836565860014
0.09171212921913462
0.08574065928389024
0.08638486648662312
0.09657473660023125
0.09790029849316544
0.09127305243818601
0.08733515967083949
0.091442004346307
0.0889047630977813
0.09828876224049261
0.10400559451692871
0.0894628776881512
0.08825563753942821
0.10207431927177352
0.10278960953404043
0.09105718957338849
0.08811071533017342
0.0864689940675595
0.10075897341541883
0.11449409607782633
0.10309531013839178
0.09331321129468424
0.09925981071203294
0.09396033586372493
0.09159390260886355
0.09614113584284933
0.09240401433201342
0.09581365161997779
0.14886310447228782
0.09832099254614277
0.08603120413868307
0.09132953372358295
0.13968456152256967
0.10007585611374323
0.08849161604122663
0.09254831064955112
0.08629126037903331
0.09116504939163503
0.09773544289908911
0.09355610872860236
0.09238228314292511
0.08958707751879831
0.0866184232642574
0.0914512298935732
0.09204248761692996
0.08939281277198372
0.09596118949404629
0.09228300916399805
0.09162123500160713
0.09082875700611333
0.08954615917617245
0.1291785649294849
0.09938656229056149
0.3005636971174075
0.09559537406713897
0.13005191935047794
0.09252656334347108
0.0935305560492014
0.11459530255222478
0.0980909135740198
0.12598190993722858
0.09420232908431889
0.0938994031160457
0.08780073323439648
0.09393017941685614
0.0894785093391813
0.08443302120096213
0.09617520567386484
0.12906763561559695
0.08435004475124805
0.0921241651247196
0.08677420060325747
0.08474804738380362
0.0933375220275639
0.08586268220767526
0.09418913835619894
0.08784371342337614
0.08768184977040573
0.08537382554307965
0.08861201111496053
0.0858673529977524
0.14312852440680698
0.09077417101468568
0.12236358062991191
0.10252599179102696
0.09175108330978159
0.08779258428607872
0.09834282278998105
0.09172783173990019
0.08795141522085648
0.09773904334435882
0.1135540277194622
0.0916958958765359
0.08777364108319115
0.08914706285218998
0.0895071462687804
0.11241385339386978
0.0863672170671824
0.0894165971291787
0.08888983573848082
0.09638257493632547
0.08956498315814032
0.09162644459389879
0.0891095961909234
0.09216583713553428
0.11471951119103134
0.09376220985122298
0.0907602447010425
0.08623376642460297
0.09071839033689914
0.08972132432053262
0.0868129407134695
0.09368117861854794
0.08891888379828188
0.08801936082917776
0.08714168085464578
0.08613944322493072
0.0905399088231097
0.0930130425772052
0.09102586970752817
0.08800645797971493
0.08650439401841181
0.08621169455258594
0.09347223368235909
0.09452751635388504
0.1267612317573454
0.09479594968305803
0.08701544794397986
0.13025432394987016
0.09323311049468343
0.08819036094885355
0.09370709761219649
0.08681052422900017
0.09297137362471311
0.0876999390593723
0.09279575436738963
0.09002764222637928
0.0899526851838468
0.10314891514148082
0.09497094182341445
0.08682959585150667
0.09592788509576189
0.08616678820066999
0.08987951891390512
0.08858400233737991
0.0940105199000832
0.09105997131709699
0.08838601712698617
0.09081549929139747
0.09332726867923201
0.08731023382350049
0.08828864258506176
0.08795348646576477
0.0928124044015875
0.08791974652625015
0.08542795454626537
0.09416264442165691
0.08819813314474712
0.09400018280423023
0.09037994184477983
0.12735521867420538
0.08892497373247914
0.09229488119146266
0.10994760059818895
0.08877512932797674
0.09136938258505256
0.23276140700679823
0.09340981620380318
0.08909859973862802
0.10127357816321354
0.09289997826579771
0.08973261251271179
0.08499252744282419
0.09623104236864709
0.09379652422629932
0.09555628631304008
0.09547639548739863
0.11271455537270483
0.09075589563703011
0.08853883528166183
0.09608371599431367
0.08498972127684279
0.09010218326591815
0.08935611022593981
0.10700789751422321
0.09248436364127495
0.08941651191397602
0.3252276059439789
0.08731530406426435
0.09949275728248078
0.1073891792975612
0.09681740924315672
0.08821128057150872
0.09510923078727195
0.24088628735416928
0.10170432619874813
0.08621556514258512
0.1256198737043465
0.08899139042365654
0.08972447659901604
0.29768256549947797
0.09008231369297155
0.08908646013980634
0.09358724341386997
0.09439450179315398
0.10407124365444584
0.09538605176746502
0.09596745909011446
0.08972690733635631
0.09548689305217627
0.10287517723267156
0.10257363042399327
0.10520284388917438
0.1076852595851439
0.13357079091114724
0.09211423810474888
0.09290525502830178
0.0901772481800276
0.09218515036381235
0.09093015053621954
0.11433606112196139
0.08896736002225086
0.08925249613170895
0.14505222112787497
0.08927492686361399
0.08898744405483382
0.08686698604412788
0.0872558089598406
0.08851458716503013
0.09427271236085535
0.0874150901280748
0.09187870010876893
0.0882302504175198
0.08738502072736741
0.09137530195603837
0.08973986281774737
0.08995199652911867
0.08508460372634062
0.08545208172347811
0.0932041895351134
0.08757451433507751
0.0969708343023129
0.09129149762431273
0.09053299999246715
0.1341733806307458
0.09702897013415324
0.08760978122214867
0.09072864616655668
0.08350869820780205
0.09020876749085839
0.1091632015786596
0.08395330318412798
0.11115845815496823
0.11428577305970242
0.0879580404801063
0.09835093984960555
0.08365719965584183
0.08402117815822373
0.09191804736359072
0.08645986582652916
0.15712820843826283
0.08404756245945554
0.08620465295776436
0.087202041820568
0.08452394050172851
0.08745716255109304
0.09403455043969466
0.08738963461325606
0.08613345249593561
0.09151945360688989
0.08577523609001475
0.08680778429730222
0.08519125615483789
0.08579353404472144
0.11912888745635176
0.08520773282709178
0.09006394041760699
0.09160657911908064
0.1111010357484524
0.09354659022668751
0.08688582931341671
0.11562875006390724
0.11203413874075416
0.08560695207138837
0.08481405623344361
0.10288437968758804
0.09195388328253652
0.08506452063939482
0.09126482936578009
0.08693483930014281
0.09414762391239118
0.08944181301037378
0.09006392310722718
0.09106302728889956
0.10079354070990261
0.08718575426276198
0.08937548239307473
0.09020308403783896
0.08954952208976784
0.08888319781011816
0.08591761342765973
0.10748657340392276
0.10467551930675789
0.08967953627753471
0.11068932075012436
0.09153238572275837
0.08724637337350066
0.08993352056170097
0.08808565822459154
0.08594167930856711
0.08869496854729397
0.08994348718091641
0.08915356271750621
0.08952183458886406
0.08928923648344599
0.11874711236744044
0.10357112826297729
0.13361727696325823
0.08629820803205757
0.08736547307146589
0.08977685596464705
0.09102791686501956
0.09076278512842939
0.09717611384970956
0.09500552406283934
0.08852443020833305
0.08885351186839242
0.09306921691605595
0.09004281883203362
0.08691576591506969
0.0874930529606468
0.08691097210916678
0.09027500840188452
0.08605529203682007
0.08694088247874877
0.12242835228506745
0.08562891182903114
0.08481810386637813
0.0879532717828058
0.08797832856033697
0.08465341653278743
0.08381057258237619
0.11024676427289816
0.08977330753404592
0.0896527089759902
0.0856537572052948
0.08627829280915623
0.20793863259093162
0.08381831345120327
0.08503828930392296
0.10297352402023693
0.08653839861999241
0.08434752359058903
0.09600384047477563
0.08485431887667062
0.0986861846458477
0.09127786699303021
0.08578808211395601
0.09519798682369024
0.09831214402988378
0.22886367084309792
0.09444479724873513
0.09087926303333181
0.08959918632432332
0.08686867398221715
0.09698349585095158
0.08517002020492546
0.08621264180191561
0.09002789336571229
0.08537934018861063
0.08841190668143835
0.09194862423526304
0.09097470964034035
0.08865641942333256
0.0858267208986341
0.08915827943821303
0.08977927382384758
0.08904640643789476
0.08539747884096513
0.09209591665176747
0.08720339858339857
0.09306676992712583
0.08943378368830032
0.087598104456302
0.09131833479999694
0.08959562626172472
0.08625425961612997
0.08948140830041144
0.10224064267135062
0.08572060586093781
0.08406135514263031
0.08960926456864318
0.09385569021447225
0.09027378161210285
0.09026313076771084
0.09002269661819057
0.08956382860712397
0.10591915397321759
0.1037825230830125
0.09527150173012351
0.08517350077219141
0.08689794434394978
0.08704363803587481
0.08556022662553911
0.08908571252742882
0.08749157114389831
0.0887113611201944
0.09072701769829034
0.08765999847249796
0.09168872454315227
0.09746191880390236
0.09748244692870273
0.09001771240586719
0.08710046861189917
0.08794075405684997
0.08775176742433584
0.08851498530522353
0.08628129063027966
0.09172475966985927
0.09238219433752567
0.08717965334526216
0.08827049292547921
0.0892856288585679
0.08662330168650421
0.11282126924769678
0.09276794817101236
0.08651612995975207
0.08642605208218937
0.08929005455384954
0.08756409724319525
0.08707028052002858
0.08897651022067413
0.09083505719029462
0.08716036238509674
0.11347710245258796
0.08907378996198598
0.0910132500055383
0.09300133891633364
0.09238877561891358
0.09697516048729453
0.08945963629521313
0.11790119474419582
0.08886334455155474
0.1518330038233727
0.12928647572664137
0.08686547673296885
0.0861193872478481
0.08514577770461752
0.08664547153100564
0.087899293411471
0.08912828398179606
0.0860990356791323
0.08952133368017416
0.08722371091069582
0.08911344457924505
0.08861350793344643
0.08691056858519743
0.12795787449548077
0.08584233641933423
0.08657560179493695
0.08653611887981634
0.09050100477081642
0.09139326167468939
0.09067813688682787
0.08577483540444479
0.08780531551066711
0.08777856058260762
0.08696908757396628
0.09284156244344373
0.0929229737225883
0.09140760820650351
0.09107938053493032
0.08520746951379574
0.08571707229463268
0.0995102837368881
0.09195375485848026
0.08534868883954064
0.08882166848926457
0.08741353271551279
0.09019736886040051
0.09143592126916293
0.09497956003849259
0.08894350673698503
0.08927549219448067
0.08422331939696488
0.08488503134767003
0.09281944268854217
0.08418425839373919
0.0951575265913222
0.08466005278306264
0.08584682628718372
0.09052260617036902
0.08549305596177487
0.0923096307275015
0.08477960107502823
0.0847105805894845
0.09139711645808726
0.08548508435512413
0.10609630599575501
0.10097302920752006
0.0895007671552675
0.08918668550972543
0.09119859486300941
0.11276007950556884
0.08513790042779583
0.09386585696765529
0.0891392722049141
0.10676743732997018
0.08533880310651033
0.08996109129189778
0.5446567886170991
0.09552219253648474
0.10749000241991634
0.0915629142352867
0.09048470784650302
0.09818625067186064
0.09907353594840797
0.08477156263977723
0.0860078546215904
0.08674407797929298
0.09346464011028664
0.08629743680110175
0.09904041279632297
0.0867051294360235
0.15650052215086074
0.08601677734036184
0.09355745281957054
0.0955219340312056
0.09742411178469754
0.08578524427341112
0.10080068879514625
0.08990820861355273
0.08904050885067093
0.08795368616318354
0.08961706146425696
0.09095893722841483
0.08672038763108718
0.13141409678267127
0.09858055756113253
0.09073966628234109
0.08536812262235065
0.0885093538833487
0.09717165294207161
0.09257862892769375
0.09389973349123312
0.08750796482348785
0.08812065371200573
0.08543246553677278
0.08838082760466323
0.08982745842752145
0.08927576292320483
0.09380073386014505
0.0869671099461538
0.12980700952186905
0.08918266992954246
0.09024358221513622
0.08713306224694634
0.0901511370823193
0.08872886849459352
0.08805602622020671
0.08976164090923769
0.12121596140837843
0.08653156078394565
0.09100454664163468
0.09309825919639614
0.08829609872938884
0.09089393572490699
0.09415478294056488
0.08703628926053412
0.08768932419575108
0.10318202455294509
0.09715120960030264
0.08566820519114782
0.08494394363454799
0.08435244648733344
0.09467188191644564
0.08666280470109232
0.11174749446257257
0.09228897254197287
0.08794890148681506
0.0843135421138371
0.0924002926036344
0.0871464291063081
0.12568393912541723
0.09234905133817226
0.09299831850431405
0.15736162630594436
0.08854424284665668
0.08705506078700997
0.132998884018795
0.09085188062602768
0.08858432187483109
0.08720691997302138
0.0873062330579924
0.09081292098057522
0.09005171127446238
0.08524739607271828
0.08687378966216613
0.08928263861046278
0.08693300364296504
0.0871905282074314
0.08686736992139493
0.0909543461587221
0.089807097650539
0.1003516635606215
0.09103367583007026
0.08786020886427869
0.08679624342732815
0.13579598708039703
0.09329445427353163
0.13066581646735861
0.09534791087107916
0.108029832896105
0.08985842150492548
0.09584168739738055
0.09023352981508612
0.09347349653417146
0.0972391049063901
0.10118426429067812
0.10389872149693491
0.08878392337492375
0.08805834925974741
0.0995728262867667
0.10213368062963296
0.08861923889668372
0.09736682794478205
0.08722894583556202
0.10908360103260392
0.0905668926407385
0.09083671443164065
0.10588188387414496
0.08824044891071593
0.08947846357235566
0.10005218928600819
0.08794674681324742
0.08784306315474046
0.08746039521964746
0.09808599502076401
0.08815871037285493
0.08777299338052799
0.08722235744333166
0.08744948473041204
0.08739331818748043
0.08668248985531402
0.08741189134140004
0.08495118647086194
0.09130800191564663
0.0854826106802569
0.0999499233644409
0.08963283601190027
0.08408882067289516
0.08999216961600097
0.09709349643848009
0.08416022157835924
0.09725227188202562
0.08611301431761025
0.08807764985882785
0.10748457893331839
0.0904881331907409
0.0889590371478103
0.09662916002856992
0.08626083631017897
0.08760996930703432
0.10408005656000022
0.09762111517294422
0.08773697013304291
0.09952428751454474
0.08778793659152463
0.09222856002856919
0.08622628992385971
0.08658055063217905
0.09584597139322729
0.0913805988326206
0.09524733521352517
0.12607328783182353
0.1293884468815413
0.08440698989119047
0.08766184287007117
0.08371460907001618
0.08462986169074173
0.09911813617115627
0.08812588286616183
0.08692761552524035
0.09147528998132987
0.09795254615900462
0.09948829072826143
0.08868936553565782
0.08868063859750255
0.08820945248221805
0.08918128733558818
0.08836935516872733
0.08662854831459775
0.09816560241310855
0.08916337690817899
0.08815411462025009
0.08811442991195044
0.08356870746926522
0.08377448175269912
0.09875360556323504
0.08704176314289039
0.15615711168617188
0.08672675561686352
0.08841522619163075
0.10734244203494063
0.08750265674169339
0.08535117867984525
0.08874162608516042
0.08465783814705699
0.09065652471444834
0.08553123824760839
0.08943890394725415
0.08744949702886941
0.08381370042188464
0.08432290537425273
0.0893474046800182
0.0848792597439672
0.08775960259258068
0.08962277046173509
0.09887852282251976
0.08386486302191998
0.09694901874933104
0.08861238926477166
0.08941795519706551
0.08422628672105993
0.08369972635259267
0.09188405178644808
0.08494309859564579
0.08919079014257641
0.09012058117831673
0.08381207376950135
0.08800827043416883
0.0956257842520966
0.08400113988506275
0.08340869687795333
0.08533201510529521
0.08926167583217602
0.08769673923043247
0.0837982956813514
0.08836580454917356
0.09835634940020442
0.08341738559753399
0.08708041336680498
0.0971955676944482
0.08877046606196362
0.08746728406455524
0.08566216302343034
0.08888551917848946
0.1936245905716872
0.08975694230195906
0.08653725593569463
0.08616745289124011
0.08696618540379539
0.0834006260007817
0.08636993159990768
0.1072404115412424
0.08720261392889629
0.0891222428089206
0.08616570976307814
0.09029080254023585
0.08649283405287692
0.08717282922777576
0.08529508013884304
0.08604993643783307
0.09239447563462143
0.0840806406243003
0.08367410820366257
0.09577688060501251
0.09628791634530082
0.08345971714903107
0.0879100949198918
0.08848901091966196
0.08502177116512326
0.08923481426661074
0.08398319328111925
0.08541314222237714
0.08500418077178107
0.08582082020059811
0.08676416144189474
0.08765660866694401
0.20309430104687506
0.08672915278426956
0.09130120201779919
0.08510130162514344
0.08715306568976341
0.08405100971404125
0.08934997860382822
0.09372400313367603
0.08438258743220764
0.08972908996167228
0.09601485055041159
0.08650622574953175
0.08491715069040817
0.08991190238932445
0.08577612392115305
0.08689413606376983
0.1021485803775169
0.08794352688708257
0.10081988432301273
0.14607812545716428
0.08688770518470992
0.10305179352855762
0.08778568837698165
0.08694186005322434
0.08440762596627986
0.08418047124769622
0.08692904879006726
0.08628036259756135
0.08863521008022983
0.09130210744860755
0.09171142993944285
0.0881142724099926
0.08678846716240626
0.09187750831943521
0.08436592103667079
0.0883172819821848
0.08698843608357389
0.08556816449677675
0.08719711595773899
0.08504673236608276
0.08919240043941863
0.08483316726543477
0.0886480734667948
0.09538985046918944
0.08842799263154319
0.0890643730249317
0.08834295858614258
0.09660297053605739
0.09160534385309585
0.09745159236422087
0.09019828974964796
0.12817711501745416
0.08952311006165369
0.08966483123022977
0.08857915462320508
0.1267467261470964
0.08835658448402907
0.11107273908004388
0.09344665385994322
0.10222244504412235
0.10959399698105127
0.09102796357650457
0.0940230351994246
0.10154719991547675
0.08955213161263641
0.11139278215312498
0.08612075523750963
0.08819073948384157
0.08697645302610552
0.08810744018033612
0.08530651571284893
0.10670600460968827
0.09479234320094113
0.0875693540331244
0.09235615965838676
0.09983931111390185
0.08875602446546367
0.08630360206088236
0.09255833843037607
0.09081752284273546
0.11436085231581825
0.08417545575821868
0.09061045656078166
0.0872489450109228
0.088154078630503
0.10044872764722247
0.08693661802804688
0.08545057693929513
0.0861149883697192
0.08968558555310954
0.08581403132313883
0.09585432795373897
0.09391045660121575
0.08611074710625978
0.08511956408884581
0.08849816788909413
0.08561015217387988
0.08972345041413432
0.08513311310192377
0.08441762736086421
0.08834997053063971
0.09083847818654066
0.09456644113366722
0.08672512187114942
0.10090853014692804
0.09386986131594276
0.08712208713155918
0.08572463197093182
0.0841646900342804
0.08673593798072132
0.08566920926618937
0.08583258182365741
0.090052442247771
0.08614033208628118
0.09303881952574392
0.086493495796371
0.08602381194929623
0.08484700541013473
0.08641969250625675
0.09104596453993205
0.09558122483184751
0.08753432183602533
0.10454074195773153
0.09064033973034363
0.09776484159430235
0.08668108678020034
0.08413376147694472
0.08391831558151332
0.08709847912647348
0.08919424548581929
0.08984280494826732
0.08601559183469959
0.0877098856468142
0.08690939558798465
0.09141240839887461
0.08473588205140477
0.14168399198465267
0.09307411882102704
0.08921279314519223
0.08335674459052723
0.08715018011303186
0.08689879484153917
0.0850065380330405
0.08675672424135122
0.0876989541245087
0.08574181007555173
0.08689706900822164
0.08889645855612192
0.08666290974880628
0.08925487206745243
0.08772673471898616
0.09689721060182983
0.09077734019342196
0.08619695731944647
0.08885313674023676
0.08433037597769354
0.09369795809035572
0.08656822205288445
0.09231874694103845
0.08481990469198529
0.08594568408285623
0.09621035074099629
0.0910441119066611
0.0842211835959716
0.08566684449569648
0.085768260745631
0.08587007435761265
0.08480281507216049
0.08481861979593658
0.08413896341399936
0.08363959495804897
0.08677152737894078
0.08764223272822069
0.0856173397548012
0.08483752533132323
0.08515868012659207
0.08466714904617097
0.09122500658367738
0.08980288463951783
0.09020867894658775
0.08995827341951197
0.08654512432106182
0.08771521056698825
0.0851423085124882
0.08683866316373333
0.09454447868755565
0.08443823942720609
0.08997312682558109
0.09123067908357055
0.0844780708275925
0.09237692925679425
0.08481691199571198
0.09795265575313407
0.08613084666901887
0.09521258068860894
0.08421111683014931
0.0874041868242772
0.08764309525096899
0.08404732648831387
0.08454039610971861
0.087246543929079
0.0970615028540561
0.08915459766007132
0.09343739147212118
0.08858517034362408
0.08670998804331942
0.08524315516032507
0.08508153048591761
0.08442116245433115
0.08873497930107795
0.08601069642927585
0.0881182318164638
0.09868407457800903
0.08544792137634945
0.08484509517311106
0.09605924035161917
0.09189146324208654
0.08548319476580168
0.08914613746714366
0.08785990077438499
0.08668711070533187
0.09237956587763997
0.0907408659290067
0.08730552000229552
0.09963769815990073
0.09246930984011704
0.08656333988952908
0.0840982279471225
0.08504913835139696
0.0859404821378472
0.09524510206064754
0.083800573594017
0.08377447602349469
0.08387423979123873
0.08580392665995894
0.09208007129096347
0.09001474091493794
0.0870112839582647
0.08533593866666536
0.08777383306933137
0.08876522252439231
0.08614412063633774
0.08623495777536773
0.08486440608787443
0.08717571082670476
0.08494094714404136
0.08862609298892893
0.08637894374882762
0.08582758839042728
0.08370457039771255
0.0978300037991327
0.08460204716588267
0.08711126746779459
0.08896806367900684
0.08428038518057956
0.08411730420232706
0.08492866299741808
0.08810031616839255
0.08800231873017854
0.08894810668339533
0.08772666695806629
0.08659632430565117
0.09784609174011437
0.08632859037162344
0.08474529770471437
0.08414949615977464
0.08806568783551703
0.08876342896985107
0.09338495281037099
0.08540900334303397
0.08605016396712474
0.08961720316823218
0.08734459261759367
0.08683689268713743
0.08423639765639576
0.08924028072137209
0.08602988795791416
0.08585298733570092
0.08447446932606559
0.08382135097121433
0.08611090958682376
0.0862744657626652
0.08539032669209451
0.08442885505387593
0.09261976477465289
0.08586842848043241
0.08852580805532466
0.09324278611422504
0.08691849136201818
0.08585598137693527
0.09141584119464889
0.08465661753990704
0.08357009355030012
0.08605305960939205
0.08827180871444879
0.0837576277791678
0.08843278497401286
0.09296727819260647
0.08539743532298047
0.08608912955781063
0.08614884745254887
0.08530435078990994
0.08641479127920701
0.1010994199121058
0.08773181737686955
0.08391719554531805
0.08529206266017524
0.08692898690418345
0.08668093650470589
0.08426982461294981
0.08733167363063174
0.08331144390761536
0.08867926490623804
0.09482022387099198
0.08775096571095643
0.0878924788355856
0.08783792186901902
0.0908644952729221
0.08539323855684251
0.09209558367564609
0.0874340697654468
0.08635042222958347
0.0882405613339205
0.09299155783141783
0.08741697448113965
0.08927725874560895
0.08970966451811134
0.0832470900400836
0.08828330767066031
0.08383902220972608
0.08759799141294586
0.08493178672459836
0.08463155357118518
0.08455894361771321
0.08343944684712629
0.08362961883018523
0.08485647746842365
0.0933111169415242
0.08491641468836242
0.08522785898890689
0.08569118573590924
0.08638184588939055
0.08614775061671182
0.08597766372203323
0.08581115454023243
0.08377085068401026
0.08391691369476793
0.08518143234846555
0.08820537974341716
0.08423342955016119
0.08412414210267685
0.08542141577409151
0.08486807047686407
0.0842259244237526
0.08732298185656408
0.08780820886053091
0.09390121321763821
0.08812595822717718
0.08430437564122223
0.08924119679605792
0.09003964258714846
0.08727792297481017
0.08490645918931891
0.08738118881175574
0.10415568746303333
0.09620194529040467
0.08572828632920529
0.08788758935229342
0.09024914314621865
0.0883471274008923
0.0898521261681588
0.0989367598345201
0.0999269437108783
0.08914741786188937
0.0853617565308744
0.08374275539936095
0.08342594542180667
0.08911231218532936
0.08486373541986006
0.08633557587557761
0.08516519780541675
0.08686759575984865
0.08935575019419413
0.08604322513330821
0.4812639468301389
0.0945391381499958
0.08482979792829862
0.08785446837795798
0.08609965337118122
0.08584802795771224
0.08560641116186105
0.08709888221228676
0.08524788422254564
0.10387679377080308
0.08536873330232074
0.08553194512899666
0.085113096118036
0.0875179781998538
0.08600284860100653
0.0861496217956522
0.08465724861092755
0.08384500786398068
0.08354072646954709
0.41946629234732064
0.0862723884492916
0.08479269264273061
0.08456516820287387
0.08871875729345205
0.08620921917420522
0.08379115783956158
0.08702880883812765
0.0869420775102421
0.0836589927137446
0.0923471048992762
0.08476090378064709
0.08363324185156669
0.08368385833207587
0.08549804603957821
0.08459387663393957
0.08340591933092176
0.0975565538412467
0.08524327571466217
0.08536803997924824
0.087792375671661
0.08598207414760513
0.08521969071149559
0.08344753939274133
0.08731765257895165
0.08780616361962264
0.08426620794567026
0.08642390394484982
0.08437944483926142
0.08381012107239019
0.08355568300403933
0.10595988613856322
0.0840406210103504
0.08368348257799556
0.093282819362808
0.08349389950063425
0.08561257624981329
0.08282394209630033
0.08591558098819177
0.09595857849269523
0.083712772764517
0.08504179549276614
0.08314088959790039
0.0928404100807624
0.0835727617659821
0.083072004977659
0.09733212044139133
0.08441646752982278
0.08313497255395953
0.1544795378116792
0.0840521741518637
0.08378026093597743
0.08376945001618392
0.08401105899939415
0.09505393849170599
0.08371572330189601
0.09296333670307293
0.08514424199890806
0.08316215627134735
0.08331069982264867
0.08468980211436021
0.08633235419774325
0.08669228833020569
0.08874357111214626
0.09092617996566607
0.0830754154231594
0.08580167968342083
0.0844381428217774
0.08345753492312756
0.08281471735202428
0.08611608711007122
0.0860402304921193
0.0864892928564069
0.08810546606110208
0.08776769421407625
0.10095019344187016
0.08674780475731815
0.08313459907288782
0.08622045587647591
0.10276915756153392
0.08543945297789965
0.08416365064261468
0.08731862228706884
0.08404655904971216
0.08420127007087982
0.095322990180454
0.0842336670842655
0.08413337425450626
0.08513252535212401
0.08381948015622824
0.08696661280936671
0.0866771706554892
0.08391719450427738
0.08403362769859758
0.090904916331009
0.0877397310841944
0.09266398568990589
0.08481613401106328
0.08458378858000261
0.08743815305137217
0.08474925435207792
0.10626385388206906
0.0894310878521683
0.08342379077692709
0.08891450834009239
0.09356097275751761
0.0942962919900439
0.08511103755685723
0.08761621843785183
0.0844950964319834
0.08806088686438157
0.08436809942284658
0.08377392725795398
0.08374921056650322
0.08419173043456388
0.08283372204290101
0.08396237789681489
0.08510711824017628
0.0851131701309724
0.08511841167519167
0.08348339252694789
0.08390062887663753
0.08523049112209813
0.0851896088610468
0.09492843080523305
0.08312820939114322
0.09144607761886812
0.08541228213614153
0.08347426129466502
0.10197347926306721
0.08400087519105671
0.08320111941513438
0.08498626457066698
0.08515824197554933
0.08485471432494199
0.08412778826733518
0.08398610439804613
0.08517344496136546
0.08635758216250287
0.08857659270790405
0.0837573562932818
0.08854477588121479
0.08420863413602324
0.08304516289964668
0.0850634506086402
0.08428740157860319
0.09586428526443717
0.08312450175970622
0.0924052003580529
0.08396880863627049
0.08384043824274957
0.08378098750139368
0.08380865670331665
0.08565239259978737
0.0856013757473183
0.08421466119660487
0.08419550248478609
0.08466983965413029
0.10150182465349054
0.10106049275134371
0.08429770161863961
0.1014941307418751
0.08377424939919627
0.08534337664448104
0.0844936669025072
0.08322529398608362
0.08463261191585747
0.0840751802889678
0.08541290362885662
0.0845293398316531
0.2932344736395739
0.0837920925293211
0.08726102529509255
0.08404927048750493
0.08526753729983708
0.09475184382599507
0.08281852154263708
0.083245406135205
0.08304126069143526
0.09154339170940033
0.0851788565576527
0.08445828221649888
0.0858548266955865
0.09036006599821444
0.08507154739216559
0.08324975669536787
0.0836878303558742
0.08445920788682112
0.0852710251559013
0.09188632231213201
0.09164373809850405
0.08574647249303967
0.08688013331843644
0.08402270495768234
0.09837017674521394
0.11028262295480712
0.08518013237148424
0.08300829422643027
0.08530452684935998
0.08301640529705001
0.08300847416430247
0.08659207596572725
0.09260455491024441
0.08441333555796839
0.08512169395016085
0.08516616919685986
0.08341858137556918
0.08716714805275841
0.0841698691064371
0.08432644979086171
0.08698415235669052
0.08703227221144028
0.08602441135364262
0.10488550494277547
0.08401291426846498
0.09629138747089853
0.08520416338748932
0.08353084298546232
0.08579222869460651
0.0960479745578771
0.09799610904988754
0.08491613061217221
0.09153311032405394
0.08664281593876456
0.08724457363506508
0.08777279397912179
0.0861915692373481
0.08507013608411428
0.0854613309347827
0.08775154132926677
0.09062631305377339
0.09059260838422845
0.0898105791354269
0.09126071133702118
0.09531617025587956
0.0973557725423968
0.1009216724334482
0.09540565387056218
0.09098035260787372
0.08598644675706717
0.1098116504442117
0.08871307477354776
0.0930387774244951
0.09550039051044285
0.08653915850679063
0.08500461077103208
0.08827992585622117
0.08804023553478817
0.09205712574433364
0.0936586986206085
0.09787038789565752
0.0848452715771544
0.08948727193955687
0.10274667169756595
0.0855320417158357
0.08747525720597574
0.08445457057740205
0.0902134723265918
0.08427714411441818
0.08503656215879443
0.08935551152091038
0.09599394531755058
0.0856872554621292
0.08624993963381096
0.08868821289950066
0.08849742869197869
0.08848550028884265
0.08847888266651903
0.09414346372091875
0.08999735011493402
0.08915131215490113
0.09237891919449001
0.08765681102366099
0.08716237284727901
0.08750949861692148
0.13519248362801678
0.08795483697811766
0.08571262715351159
0.09365858727869271
0.08458174647910506
0.08780335982323362
0.08454536117883901
0.08443048801196926
0.08627479150703274
0.09040535738694981
0.08665075508323636
0.0841317057381638
0.09189167573246292
0.08582697571570648
0.11124470752041236
0.09427869995414191
0.08744163956537292
0.08463121284991948
0.09438591417600584
0.08356412606797206
0.08345122921049343
0.08485313645041567
0.08690693129903874
0.08875613646123945
0.08956533294314716
0.08319771544001495
0.08669753664944263
0.08373682847755413
0.08448554055967132
0.0913340305634954
0.09303497416020139
0.09817426151410846
0.08422244240035359
0.0836827874895391
0.0884493576253314
0.0839963967084438
0.08457535121116926
0.08701099651931858
0.0945695759446227
0.09004747562926567
0.0906987263411289
0.08557907310681585
0.08378829406296631
0.09653337947876511
0.0877499160921958
0.08468499634754269
0.0875366386693586
0.08652067724703899
0.08490280766415882
0.08841036199545343
0.08368675108508339
0.09099803071646351
0.09131864842370091
0.10378355288184923
0.08312352342949673
0.08386832328307368
0.0837480693908415
0.08343725280075656
0.08580445318284996
0.08730670087428527
0.08755121153904509
0.08608977418007498
0.0968410774013586
0.08577765333056366
0.08914943912766438
0.08476399388472448
0.08597066268207694
0.09593921838600394
0.08646944183712832
0.0832593168814348
0.08658530503721797
0.08506697059595741
0.09649813197483026
0.08612913869124672
0.10186134693403527
0.101313507339619
0.10853499678000599
0.08636366840437806
0.08690933146599664
0.08537778454767386
0.08547193585535691
0.09704840171333849
0.08610341181413256
0.08686396642375935
0.08249805190607042
0.09132236477740144
0.09514503686348556
0.08561421838263798
0.09985858718446967
0.08411989738844519
0.08574956327345802
0.09182134619105115
0.08629206834041707
0.08423557810299416
0.09057449789673105
0.08392039203736237
0.09141699560467027
0.08691538897722599
0.08697677859378745
0.0865295894179014
0.0878165022364466
0.08406597591792067
0.08579025179100008
0.0894230774135061
0.08333642459167764
0.08807714066120255
0.08877385075690003
0.08509059898966448
0.09020654077621834
0.08661392147703155
0.0926666178911345
0.08419152472557426
0.08423689796870712
0.0887142762555311
0.08614346450450007
0.08352455060558489
0.08708831560544918
0.08617041253028708
0.08725617084666848
0.08957449106288023
0.08878193758034823
0.08569928521667075
0.12322087795898576
0.08549941568097161
0.08988461454625354
0.08775860908609216
0.09225409016735948
0.08373608399298595
0.09098830776590336
0.09461985928517828
0.08379068207186105
0.08309218428725038
0.08551610895234603
0.0852755675500861
0.09590021337877154
0.08527859590896943
0.08823022766779486
0.0900347101781855
0.08628713398174297
0.08566697291396448
0.08504641255028965
0.09037308994466146
0.08532575876227326
0.08662943051850283
0.08650146111803624
0.08547948741604328
0.0986218278006114
0.08843008457706526
0.08766126320165481
0.08688823433712912
0.08493581350454878
0.0853459035077883
0.09915563122661418
0.09782765328097143
0.08709426025152972
0.08493460082596395
0.08679497358879179
0.08945717414850517
0.08765284364448098
0.08366444720800763
0.08420209501590059
0.08937824211877177
0.08904224394847632
0.08383489646626086
0.08478959695980498
0.09995135547648792
0.08840888085732633
0.0859536082722151
0.08707419240695823
0.08648847181962308
0.08727524325598177
0.08540087445507075
0.08462181128594304
0.08505956230763499
0.08641496445838706
0.08967746467638914
0.08567261987192569
0.0928308702518089
0.08351777557064644
0.08665620170357283
0.08700083153764113
0.08789786707411389
0.08692405871657741
0.0853150662986022
0.08822377087148416
0.08911461509469319
0.08875385865555134
0.08456219900576163
0.08424093816547056
0.08449484303484887
0.08507050313028376
0.08476570990072967
0.08900464867967352
0.08503141138051103
0.09481979542648326
0.08772558601506088
0.08397559207226296
0.08404957939741173
0.08819116140979472
0.10980758047970557
0.08430939731346082
0.08430988399145808
0.08454207654154942
0.08964708571669926
0.08688385638909883
0.08389930325973062
0.08649014359965079
0.08537375709708023
0.08475078762027696
0.08543105140005983
0.08538795701097517
0.08515511114877228
0.08416954393354315
0.0864399674602426
0.09296597509462691
0.08678535552251067
0.08563672807721805
0.08784894238515323
0.09666736574692424
0.08706701410861971
0.0859074763558935
0.08507352721142332
0.08572578100943108
0.0853546204011038
0.09077238236576579
0.08479593300314729
0.0963428644132458
0.08838800627256685
0.17591624561594268
0.08650266075624101
0.08625083831937967
0.09166059429890056
0.08569987346739612
0.08541849091353759
0.08559495408954275
0.0969298008649533
0.08426600909818731
0.10254010930072528
0.08394066052914131
0.0851999962500775
0.08633988643650212
0.08757852571330811
0.08558575064184683
0.08454374844811705
0.08712815427068901
0.0865783953270215
0.08449304001291562
0.0875683155988244
0.08650097783366605
0.08461318080589646
0.08569483104998595
0.08578138428755387
0.08732437113590322
0.09761359461408259
0.08769069037991287
0.08458091936293877
0.08469513396662386
0.08483961646121407
0.08807059199162906
0.08602570246761161
0.08483236962927264
0.08772191926319248
0.08469885936790228
0.08387241834118601
0.08377123464769347
0.08474419545352911
0.08916300257337448
0.08531390415696863
0.08637798932833816
0.08404287043323407
0.08387202403623073
0.08530345276733009
0.09134719405705476
0.09456940452417031
0.08498109708195427
0.08637320157315218
0.09447046207871625
0.09027807697924231
0.08614368053953067
0.08920013645562445
0.08496896647793992
0.09046469410551977
0.15052500792175047
0.09940424254309799
0.0862249841368405
0.09041336845829957
0.08503424402979132
0.08553875867574202
0.08382450316463923
0.08573615244370542
0.0871885156093132
0.08402867593973533
0.08755111264437884
0.09110492962429659
0.09182440153404921
0.08640325142473361
0.08509211971761424
0.08348959896614624
0.084512070950504
0.08781397367503531
0.08722642171867484
0.08629232896114691
0.09170216589687362
0.08707281112828151
0.09003812833774322
0.08520100427081131
0.08553498602910616
0.15829407117824154
0.09180027365152697
0.08720489392226315
0.08506023806026876
0.09909193268822758
0.0849160227078971
0.08438040529281361
0.08877648556151417
0.0854334125210014
0.09016092017425188
0.08795863401297262
0.0857259041356278
0.0861429884593353
0.08543685959003156
0.0855782876784732
0.09615152511572657
0.08570316506929167
0.08488450851613069
0.08449765657349002
0.08432901216111327
0.08779758081359842
0.08495083547482436
0.08631914579926195
0.08578940116688
0.08648069995236443
0.09024172184840844
0.08495236426546726
0.08647778112433008
0.11520044397395168
0.09890648471778334
0.08564049889984982
0.08888963514510362
0.08619935331005925
0.09115795606791188
0.0879605407678755
0.08508695273238785
0.08739445340220735
0.08435581388733933
0.08861254051092067
0.08508380624718008
0.09058339560173281
0.09463763991313982
0.08515128315039643
0.12169876628403721
0.09395928862215777
0.09050543432408005
0.09193577318902632
0.08925996414672412
0.09631344681628719
0.08688160289738239
0.08465828232658133
0.08456659184092954
0.08888538694982889
0.09238700511277102
0.0880339466112783
0.09266146875974705
0.08581287967200249
0.08748282434976869
0.08725782710169785
0.08467782809978387
0.08732487741282359
0.09580897029003896
0.0860689186218201
0.0868041493979905
0.09218654841887436
0.10773551083676981
0.089251547710503
0.08802562126335851
0.08787548997538092
0.08428292553589208
0.09292765341537135
0.11191540786127371
0.08585906039585041
0.0863936618477386
0.08631656196170233
0.08881667438847787
0.0865081977360263
0.08390112537218528
0.08754844845000243
0.09063496913813779
0.08795968212536076
0.08598356522738784
0.08544257701718827
0.08473944487236608
0.09415930181306584
0.09151422446601172
0.09159545756475948
0.08777129842616803
0.09217471928184287
0.08687076336957054
0.09075984800274792
0.09025846381942784
0.08952256190341001
0.08801851866161671
0.08987439154800776
0.08855424900056023
0.08778911897670719
0.0877505774652357
0.0921123392210901
0.09700221808299363
0.09026023642310381
0.08442125385426573
0.08501311716278621
0.08885905682712308
0.08596219939253677
0.08582116456883682
0.08485051192090899
0.09104760772226964
0.08845274604718861
0.09013706322121408
0.08522809110668139
0.0865856376803457
0.08447093616107253
0.08763151744098031
0.08428696154629575
0.09491540170802398
0.0853671400989985
0.08588537377504671
0.08974327784220842
0.09191155117894761
0.09615086216539626
0.08818481727826931
0.08542735028934939
0.08659506342070614
0.09205851906986925
0.08910863952196257
0.0845841129162781
0.0838633911366127
0.09015889934833378
0.0857399813479097
0.08567899604822449
0.09198595405344934
0.08730474497864309
0.08693645002646863
0.08984132129931062
0.09693716166101606
0.08807651111869631
0.08826727979418737
0.09237358520775117
0.08849018642458166
0.09905452082420534
0.0956962660630518
0.08891241609508824
0.088522654271051
0.09435416008473028
0.09680782349896684
0.09060872383343048
0.0915084678916532
0.09072725155212923
0.08812026456711458
0.08810331627655162
0.10621367661059361
0.10065274475485239
0.09278077560332909
0.09181892249341914
0.09512050966442223
0.09148023618698373
0.09336997319864772
0.0905520226788758
0.09254370755593806
0.09497640302306486
0.10492843428131927
0.09617598421523445
0.08942264628040876
0.09338648985265072
0.0886879900289346
0.09336385929111843
0.09218875882298017
0.09664969937101965
0.09367315574453577
0.0893172160506162
0.12822203018068754
0.08781075795099817
0.09327920145604184
0.0938658781257039
0.08724732026804397
0.09436233591224634
0.08847939773100404
0.08980400630418761
0.10004257602650622
0.09115883773014433
0.09433822431070721
0.08733227396213471
0.09077472797857508
0.08929510289011389
0.09085995982444858
0.09094643765527237
0.08902431665285124
0.08945947970988238
0.0851515270763736
0.08775766937655839
0.09085937270283516
0.10326093568343729
0.09088925708529455
0.09198047968925481
0.09805214669625671
0.08635412136373462
0.08808340321602898
0.09878066426267108
0.09444623906516907
0.1013110067898393
0.08469679423936637
0.08613455092040372
0.08408146883306604
0.09079301976703527
0.09615387638688136
0.08413555700965988
0.0912090906801709
0.08943652664220521
0.09728664601174622
0.08904499544813602
0.08442682297155636
0.08776935958456164
0.08407181002886488
0.08739709040090736
0.08895900557139952
0.0881159324201719
0.09720586108302068
0.09724940900542586
0.09972356521406327
0.08905714010678895
0.09409321285512104
0.09152114151778418
0.09155275292123256
0.08827751231446536
0.09123079163903303
0.08526246622666799
0.08974415486971322
0.09043345186681437
0.08509857613053574
0.09905212083478995
0.08775464458396773
0.0904995364965599
0.09089986553689572
0.11008828953082847
0.09670522052753656
0.0977390833975669
0.09186744625452062
0.08726620110235639
0.08757181256252813
0.08563591262006744
0.08917392295555346
0.09076692263482086
0.09017497727439268
0.09882954556550258
0.09225446579626542
0.41483235080691383
0.08781273346493972
0.08828340193762982
0.0939159903270954
0.09020084807360292
0.08830950919954526
0.0868328741252987
0.08571310979846815
0.08643662127389115
0.08800892624832679
0.08812362770799224
0.08598571901812799
0.08944951036502634
0.08995294766396593
0.08752583694654431
0.08550584125263443
0.08952042116624212
0.08927380901313466
0.08904635130224178
0.09442120874487651
0.10569897100643363
0.08762815306990066
0.1034880155070212
0.09494295519366618
0.08527365518156636
0.09373166828133253
0.09864475373570522
0.08949164831863486
0.08647705309433917
0.08831311444634847
0.09006036652775878
0.08609881870536014
0.09056706833848711
0.08847414475514853
0.09394815147960484
0.11793018094074305
0.08604376013509932
0.09018357715444675
0.08877536293298569
0.09049921119002101
0.08800783546616155
0.0897384525601783
0.08803120533793614
0.08644646144575538
0.08613299544518953
0.09064890227310159
0.08711800513052101
0.08830180948972154
0.0875192673636028
0.08673990776698104
0.09357846534259896
0.09501132918159355
0.08888273072511418
0.08850880608221762
0.09035731632446699
0.0963776639167337
0.08796440084328958
0.09120084194333969
0.08569912224786327
0.08888859340110829
0.0937199681012039
0.0883828727534644
0.08975252050414816
0.08914595656831051
0.08879092799462023
0.08817093941492635
0.09181699455183628
0.09957384387342212
0.08682854594765595
0.09135727865393721
0.09663061877560465
0.09012401727710048
0.0860138973708565
0.09629292693971034
0.0871770128540605
0.08752610995212796
0.0972180886610992
0.08653339452027706
0.0898681419456976
0.0875166310942927
0.09344845471694253
0.0919578371500858
0.09051326128578518
0.08963801495910267
0.08922491500311544
0.08779371549337205
0.08755507592747873
0.09153209462789491
0.08733754071057966
0.09064767397983219
0.09104812591609095
0.08766677193373387
0.09324364559406298
0.09030131809687456
0.14044204270637956
0.08997012563680747
0.0960390902853755
0.09238174214969305
0.09777585778766427
0.08875263050043508
0.09010354177055054
0.09108859364898156
0.0888537086062392
0.09073602347608875
0.13970763365139113
0.08805434517229448
0.09158686530856412
0.09199111556822534
0.09087749089083014
0.08645820244015845
0.09300377491226333
0.08700687951832187
0.08895023199921352
0.09932077791718855
0.0922199093811212
0.08786808987261062
0.09342611055636754
0.11240120139283484
0.0911647561520359
0.08690032513440855
0.09087554320335833
0.0947345901634009
0.08892356315004697
0.09136930816913441
0.08852535844488196
0.0872383535163389
0.08881046862748534
0.08998665190035893
0.08811857440476364
0.09145205729780201
0.08792824404739463
0.09119982938190441
0.09098135596794243
0.08576736763664436
0.16775279480172264
0.0872668902959791
0.08827977372751308
0.11476539405917521
0.08578793773298593
0.22976778228112874
0.08859608685014946
0.09023223093170847
0.11065618054432497
0.08622611837666361
0.09124699766534666
0.09906846567287192
0.08977457525283637
0.08616370436583642
0.09484233542878252
0.08723808484589937
0.09064827651766534
0.10659979116164137
0.1229079508442477
0.08792832648108849
0.09008078809418975
0.09897442794297262
0.08654078638856172
0.0895118688480908
0.10056546094051991
0.09475341632797749
0.10036005226624486
0.0890416697248742
0.09497548631398503
0.0928844627426533
0.09159908247800022
0.08866964638805325
0.09096031033513599
0.08656115484030487
0.09445440453791294
0.09460576746650215
0.08689954041574197
0.08813956442897371
0.09788087625912027
0.08903991075533964
0.090726040138235
0.08847686207130602
0.08952854312357715
0.09046741707850495
0.09027851147658081
0.09683926646071085
0.09545221701639103
0.08808719116411065
0.10861770665893923
0.09815362625383471
0.09961560256756803
0.09115062541989533
0.09997569190491384
0.10329096241798427
0.09782118588066128
0.09639363438182119
0.09090709977789072
0.08849944915290707
0.08896738792493467
0.10687371698419697
0.0989227683679463
0.08871837035152905
0.08892234528672381
0.10226379638486088
0.10180113313763711
0.09749862875362147
0.08702356177621749
0.0974117249951711
0.09562454544232052
0.08626764549404112
0.09249452933635129
0.09265651722317542
0.10816787536706232
0.0874807683312652
0.087692866367915
0.09343187370748751
0.09698544785314493
0.09289808155328341
0.08929023581449107
0.09227762664742684
0.0906385286122116
0.09771134917831432
0.22381563980702968
0.09081999119164769
0.09605956559419927
0.13090719523598157
0.12694349720768963
0.09389339299656407
0.09430044152064834
0.09312118598195342
0.09385488770930804
0.09482804999172073
0.09391969517640052
0.12177811529931304
0.09954380856856883
0.0986878146804423
0.0883510650377356
0.09535632596281302
0.09723387727227004
0.08931435895235595
0.08702050678090514
0.09018035681986804
0.08685703241845988
0.0887629664657277
0.08661590589028058
0.0879903030968582
0.0932655046847744
0.098632214605479
0.08582441928622493
0.09704649247087088
0.08946723126853508
0.09173809540174924
0.0877349148077161
0.09390826460756267
0.08941933702393316
0.08592648436486139
0.09247388345251191
0.09356571246146553
0.10834312846914339
0.09409129041885755
0.08683655248262032
0.09553339329918246
0.09477536763918541
0.0948695680271793
0.09310280672036915
0.08841987713385184
0.09406851781282297
0.08479877597189771
0.08636857700561915
0.0855746310968837
0.08806229012810383
0.08476135900837581
0.09356182179901304
0.09117445986881359
0.09345592333641752
0.08855444912747988
0.08923336005046524
0.09392833645780022
0.09341576434975932
0.09061212819384858
0.08854987206667136
0.10099492820894838
0.08552490149946793
0.08830826431545989
0.09114366173060619
0.08510254050809468
0.08813698670220885
0.10833270491106868
0.08477108994024041
0.08664002795095645
0.085058237570674
0.08698804034451121
0.08951594532119286
0.09620753668443593
0.08485013711592011
0.09087909228460472
0.08601166407944436
0.08956312627341678
0.09140840206295325
0.08582853597553532
0.0925927463618695
0.10461662927861932
0.09925977505029657
0.09147112626959404
0.08667406499388562
0.08852390141678547
0.09609816148964262
0.08882946555048207
0.08518383790659873
0.10431452300205145
0.08877079266696894
0.09099546961476594
0.11971838703747462
0.09556313241740538
0.1370634182324653
0.08754082209960325
0.0899678861806721
0.09185089890213687
0.09038271364657482
0.08755162528167439
0.08766444058316891
0.10520515337417259
0.09092296884748961
0.09693156624064093
0.08707691873757999
0.08714145104648706
0.0869239271442155
0.08885832928504414
0.09067394407687768
0.0911993226976216
0.08822307664038978
0.1053915633136261
0.08868245884838176
0.08873616065124648
0.08889705697781769
0.08680342529563158
0.09347860569386383
0.09097686703064438
0.09356828091431683
0.09387902565190784
0.08680798852683706
0.09284179033991989
0.08759055770223372
0.08906435240384099
0.08594103954695964
0.08960614386552843
0.08711819100743273
0.08599240087452632
0.09156831397947884
0.08613180682720191
0.08652303284871636
0.08578892298777653
0.0963277576568306
0.09870656268914567
0.08767095208806679
0.08755597665849285
0.08834860294686026
0.09162110977007418
0.10096797473295144
0.09142889363103558
0.0910147029996076
0.08815128332330725
0.11062867839981826
0.09676929184403167
0.100713048614042
0.09303738314519217
0.09423454407690934
0.10389328536619782
0.09587623242384748
0.09118368503276371
0.09609006618692406
0.09216480701771883
0.12730827794250563
0.09084634780213767
0.10403013931048699
0.1572122049875735
0.09335380328203485
0.10055677702044254
0.10403565389752402
0.10799155925279699
0.09378152366844825
0.0948964787450339
0.10162569195412599
0.21069266472435635
0.11406581909661347
0.1010025046777953
0.46814715145057195
