10.197830874863644
12.680243738656365
11.672064643759006
11.10342387658433
10.736116210941855
12.260595728330498
10.923113341814718
10.928111693617657
10.707047722040926
12.503962374807877
11.975969575165083
11.626974548277824
11.861683140689598
11.993715456672742
11.974029656682465
12.026447779940272
11.271132060593237
12.022078957177449
10.979138749154862
11.113742268075853
11.265413830223602
11.709161066999624
11.884439893474502
11.119787122115946
11.197622187601175
12.016610831128922
11.745961282104213
11.824878557091544
11.550379102465465
11.757871446969167
11.43206820857789
11.469453916221179
11.221178585230483
12.330982703986619
11.95048413246406
12.06301325243187
12.341871403493604
12.32338223058267
11.580772522819974
11.365318378014972
11.544190213832836
12.375963530131646
12.206329295977154
11.04032185504001
12.049287836427634
11.878845883373604
11.720889982042124
11.846702851329548
11.759827085911489
11.38535462016977
11.907376363403015
11.68893916745742
11.553357200342813
11.409272635737894
11.079743056935884
11.874294033304885
12.217157526068007
12.261762621160841
12.16979871729983
11.549400926716766
11.22589937301757
11.68077476760904
11.697171075261258
11.05305509219261
10.711631773918839
11.36039585738622
11.91508710036961
11.93127760626666
10.64626106349521
10.643893142574445
10.915837826023937
11.225810314107877
12.061094977319366
11.986482500139536
12.055844133609975
11.764075979918639
12.310846418669112
12.101632889756795
12.200061642229798
12.177184899301192
11.763711085519509
11.640650892306825
10.785077337605111
11.999777215582482
11.866292861349718
11.231876704890926
10.800116949442256
11.404434584856116
11.544597847380624
11.33946757036762
11.557364019526572
11.602319190005364
11.618380654634372
11.749318125223072
12.019280226433477
11.91687570977847
11.939878018734424
11.568242281088224
11.638358778352199
11.775024447301103
11.23414451631274
11.274174542572315
11.511929040163162
11.21158058000857
11.543351504679222
11.496682890309762
11.294510581965337
11.837016300388779
11.149108718665385
10.971086898370153
11.615001082022813
11.41579594308896
10.98473662563183
11.20520098683051
11.201507080323028
11.651264205098814
11.372088716530696
10.873316422527946
10.344073052633991
11.025820076698885
11.355784700208943
11.927914375202628
11.154430171652159
12.09841826093398
11.150500469123031
11.590982633239904
11.134917959027623
11.113296971867808
11.287349632027228
11.187162559879768
10.902848049018438
10.866214116356952
11.947512921229215
11.127226496522661
10.990729223638834
10.900034803438299
10.918561860005616
10.798331038831478
11.530097584980144
11.093150633014774
10.768325567788295
11.576943512277861
11.51983688613103
10.864516564179922
11.573737475180643
11.615695141561114
11.167962655417062
11.77695997657206
11.341001682540599
11.404370811425602
11.537192800912624
11.838454951709394
11.401763347291773
11.579782164896525
11.198526713338367
11.279329314156584
11.372665973986999
11.602114918562474
11.555106032001218
11.331271019764344
11.463233804391683
11.26622993077963
11.29691812338531
11.256786710632035
11.477605045728945
11.243017549914484
11.492436097573014
11.909043123470791
12.648881781991259
11.98415797980496
11.162246253524717
10.957590465607876
11.196569469329042
11.463797149515376
11.206335802550182
11.1463491840946
11.789952043872884
11.533380442464948
11.166899715274319
12.575119447797514
11.698034142654832
11.35548462049413
10.572556604070195
11.694240827470422
10.894979547950285
11.243983880219085
11.335246392896858
11.707776546162194
11.559739586753823
11.09594195350352
11.336505056978961
11.344307902570673
11.655091380345802
11.35185447648098
11.604835260674713
11.465239049597184
11.883469611025836
11.437196808815758
11.10681668674377
11.098810720427826
12.73170703323554
12.289524218232872
11.865679652223898
11.317702123288619
11.568132469422666
10.89012136317491
11.209375910169117
11.056454400479797
11.560363454004026
11.486186087725903
11.05235419104055
11.116672661332823
11.365493595676359
11.445282496296755
11.23208342229637
11.476498596904278
12.12145986176767
11.548841240413164
11.558396849099415
11.795500381243293
11.1289049849084
11.215747751360112
10.91739726002018
11.193236779093196
10.903557675594143
11.811939106495613
11.223854399271579
11.183686960953052
11.077762645432593
11.337904653564822
11.725090839775133
11.209269437439918
10.985667172014992
11.183812629295216
11.19571353080859
12.277713539926818
10.91588140434315
11.222684210211264
11.318520033181967
11.185273139524696
11.18235295373391
11.235929739731162
11.25518950365591
11.103214083827893
11.372307611086695
12.048323282559267
11.870826881766428
11.245049354303497
11.523878492840199
11.452388697755678
11.586330508899737
12.204297405324915
12.045068027720161
11.083308848698792
11.56518148616529
11.288391449408145
11.188996708916354
11.071060196621124
11.111093790163904
11.330967468113725
10.990721734527222
11.636931104357151
11.80917613267301
11.318998800830084
11.142819533982117
11.405841691711464
11.651619182669576
11.442880848298909
11.003869183786499
11.268796234143826
11.139908569137562
11.450441269421113
11.213347914573397
11.21340699354883
10.928210885922109
10.916761629483648
10.863644886987132
11.260660898341172
12.180994487243396
10.909054562287308
10.976602549146389
10.819957927465678
11.14227640154091
12.793057137247331
11.702457413436063
12.056854804145132
11.272879688637998
11.335124270929633
11.107674217836637
11.711105090683253
11.860769420473057
11.09653354837851
11.392311748203548
11.422593466741619
11.231874835660527
11.415670610153756
11.19426695793007
11.308768060837549
12.141732845879986
11.142556035125816
11.247871541682551
11.105872012572322
11.48059603602595
12.47535198220286
12.004542658074168
12.289976885284615
11.16069560532163
11.454028772039349
11.949530155415404
12.008111043237133
11.76564517342079
11.109336763804055
11.376462349211998
11.40671212626099
12.208302893184694
11.521284841766803
11.877027038191418
11.253505477800925
11.304277353469251
12.388052310847781
11.056854763388227
11.230595773686325
11.060392455675542
11.542955660588044
11.538180581337194
11.180735263555565
11.303177853852679
11.500473258692137
11.910186341354395
11.12499426042902
11.206850386310775
12.006423766684025
12.147596197360176
11.62230142115056
11.659275294397021
11.256125646725513
11.979337373285682
11.502347023104718
12.066224843456169
11.967376089170607
11.998177105728562
11.42498322759296
12.062307153206932
11.348363330714482
11.505500454940655
11.094072478510268
11.988686629010886
11.513283634168253
11.143675378326103
11.466969932711454
11.275910510108154
11.186370857680647
11.526228110797296
11.024946812317776
12.275117097057638
11.794665256723324
11.137748035999715
11.244218051314101
11.229998570749625
11.562045443775327
11.396792685510464
11.415249547946425
11.330979623305598
11.482380520514738
11.87701979734206
11.554372402374922
11.75032953743345
11.541590465063182
11.666999351179417
11.65240456021142
11.142620528560965
11.805871526888021
11.672537702702058
11.74303653006727
11.397424212604871
11.413042763554996
11.472362890619204
11.691229131270687
11.786898045888876
10.90960568761606
10.752727026780848
11.204977648175715
11.560990565232164
11.821886698670285
10.962672878787593
11.958307373887225
11.070343300565705
11.559968139253005
11.123682665238977
11.570696202185747
11.09177010824431
11.043695075268046
10.968868339632714
11.40963812211053
11.797345914152867
11.746098442230455
11.380732306777812
11.487502914997789
11.491713973271551
11.561586658129807
11.276440399374628
11.014866960766707
11.787983888881357
10.904871231074242
11.354393540530626
11.069746375676464
11.54643493035949
11.33309878009849
11.68215273542294
11.652378148639203
11.634420401206775
11.599114214277096
11.529473421787758
11.656274160250039
11.483878732247605
12.101165772467528
11.616382463066904
11.479860030774747
11.470384340690293
11.251624273781985
11.166618966273841
11.663069551893617
11.617169621891339
11.84718980120578
11.972720650793734
11.863259793634484
11.525053162718674
10.734037038176782
11.702471899194958
11.385689786427061
11.906103645221222
11.77471343696134
11.721663778068063
12.191642234591614
11.481115432547329
11.283396454106168
11.622663523934307
12.305612374937294
12.585318952957877
11.65412293009319
11.915575637472195
11.927445402482753
11.50980269874466
11.828970785045822
11.207458572902098
11.750672762321704
11.966323510284804
11.700903891402305
11.837185001074221
12.260077211892435
11.192784516960272
11.751342733316974
11.83104105732496
12.120543384441682
11.944291490787716
11.6966672068979
11.424840235391095
11.97035666463739
12.587187413021946
12.082651307763106
11.63004925815591
11.29142274995473
12.191930976818568
11.193503295052158
11.988784416650413
11.629190437614154
11.5382383703331
11.559963207514656
11.209845958274162
11.5975227555213
11.67288067902826
11.645434259408987
11.854729357326349
12.174549690716258
11.678344576063107
12.126054505598264
11.619051331776054
11.26571735506212
11.643468994531682
12.073567377755241
11.63731676916986
12.838400868942255
11.575589651701524
11.739136637131368
11.62744508678783
11.661129512861967
11.120598188944813
11.97257337764221
11.594409854715144
12.447770109633154
11.95734952738729
12.089959727521203
12.06909325254283
11.426166415889933
11.812460974347463
11.909763679484975
11.838135384041177
11.696867032548958
11.645830352075873
11.495647832018252
12.005705801218433
11.479221573560789
12.16232858055333
11.583407440084766
11.667441932216747
11.907376769398834
12.493172908875932
11.647185992108582
11.678720601374547
11.701537717284403
11.689915677598476
11.738207670897014
11.366268111653127
11.662454534689832
11.341905835631328
11.668205656512507
11.303285162094012
11.648124299899004
11.476873202145926
11.335755528215735
11.485023399021497
12.025723069193097
11.626747939426807
11.244430257897331
11.31539432986977
11.728408851395342
11.501789233916025
11.82095340165419
11.223421322325358
11.34259755914816
11.511961188159804
10.832623871036759
11.858566174769853
11.316888040970424
12.28569331930475
11.451595903988887
11.124436912869138
11.435910706490901
11.22476019601374
11.263887536705862
11.996526314640365
11.525080381890946
11.303409795009433
11.428760359634731
12.06665232859838
11.331174293375057
11.703721135124404
11.92151541184915
11.377937967970702
11.929600833664763
11.16582564372381
11.103603854121813
11.180289556381663
11.786033221099531
11.615921524584177
12.137060088004901
11.998191684506175
10.924340470474156
11.27933607692181
11.200099444344797
10.990005175317961
11.562085364412821
11.369467625239956
11.834052946765912
11.822922735051186
11.897932070602822
11.592308392925835
11.735238202323554
10.97343212445838
11.784350274207535
11.32599687941559
11.650204886287046
11.452923417797377
11.53179417643951
11.874206599403408
10.88014554097457
11.652292496280026
11.372635442884185
11.511569575828174
11.742084080495516
12.03804690724564
11.570345471451288
11.305913562568271
11.604540953903477
11.764985360878345
11.650217334131838
11.509670082074225
11.195599003008201
12.098173375565858
11.408970830162636
11.374814656860245
11.297337896750346
11.38584105789973
11.353997788378113
11.45781533261708
11.517530211368875
11.783673207874884
11.92321843377573
11.997798122267993
12.131277866024009
11.98290144494032
11.332389648821952
11.999666978593156
12.120336381553926
11.93392622182494
12.013105328298536
11.955856994241234
11.06685440082398
11.985470129325769
11.706950954516344
11.98020128532363
10.961218638462608
11.25567411976346
11.625621199329597
11.487969045382501
11.825791133003372
11.95388779156213
11.587001408279631
12.05566351498286
11.881148796701991
11.965353527620099
11.592338922768096
11.373459944449545
11.654355468722812
11.413011069122337
11.99842604951681
11.64616034338211
11.633319495761556
11.236670152795714
11.90401059822963
11.845329220100998
12.187277934348382
11.215670098222958
11.309316518409922
11.290646152939788
11.47543534395092
11.695890881259174
11.272967203206047
11.222144050969211
11.900786585204608
11.998600974114686
12.026860765760238
10.671926057013565
11.880112921932968
11.117468977765787
11.551530234225812
11.181512388385904
11.301548531955572
11.802538813413822
11.042258393277995
11.65570313129353
11.678653613117206
11.235915153141264
11.496282261494262
12.214637796063204
11.377724804463377
11.905478764674353
12.124274261675543
11.367531051096423
11.602862393600022
11.849779757025074
11.307953582038516
10.87688287981606
11.856757671021255
11.535011208540382
10.890646174103628
11.328624828774934
11.351575947589021
11.793189216615232
11.772286404370794
11.90001136405072
11.60068784782772
11.253793359586464
11.688412468412789
11.03077165295623
11.503368622052829
11.024348624326592
11.096255139413834
11.40004797353219
11.619561857227076
11.868322760543247
11.74026199138838
11.319522013679077
11.429577651370874
11.579433852303264
11.713321462844783
11.68718863959515
11.513112369726334
11.81478336168419
11.679724975375382
11.752729035797769
11.487821766930233
10.90555616932531
11.384042761522693
11.66461221925811
11.682689611414654
11.59033262151328
11.565567131880028
11.713760434774303
10.878618012108133
11.239654588401176
11.537453138776169
11.952614543099532
11.314633728594641
11.677161162957805
11.942278368673934
11.086822422843962
10.847161672645207
12.13495358821314
11.641016856100244
11.243173294955254
11.448716545939115
11.454432205787944
11.984671349813302
11.054160685005849
11.411962133558196
11.075957022416866
10.634930995237031
11.153436370060723
10.883174222934324
10.817294131727625
10.732361047369498
10.104802257688638
11.164132299953186
10.94620271687852
11.159422819772665
11.46240081381847
10.755455224788864
11.7458681902056
11.043250768991253
11.147477521213553
10.854480977178962
11.082780207875278
11.559575784669171
10.29995515230639
10.99626004840096
10.734502009211237
11.095487308304707
11.081121381353702
11.53385543717976
10.717502716121208
11.216043164054522
11.10436861101161
11.477230795386319
11.265381040111729
11.68587756546555
11.22394779619085
10.790516981301492
11.09710534714182
11.853225420628371
10.932372176068595
11.54879930720039
11.84620075961708
11.078077823843103
11.165660329714436
11.320416947811829
10.96602583019801
11.097306329508386
11.080614334341117
11.317331218812472
11.232898766895406
10.967183543745687
11.014039581625003
11.15544180791323
11.188029805700673
11.067647270000466
11.68427747120492
11.791045856251682
10.689994214412376
11.612236588481263
11.624043172685077
11.11740055225059
11.02688300088582
10.69433949368662
10.498277072821057
11.355849832800581
11.768866912004833
11.854759171335637
10.451580664671715
11.225402310757586
10.71142306446546
11.056661841466118
11.05246333095343
11.068736257417397
11.68201135240336
9.543322747686739
10.675683385522918
10.835654179430291
10.887442051641736
10.553035005594204
11.208153806277368
11.205602497455795
11.005208976776968
11.183241143574078
10.665490489754054
11.165772814740382
10.849557587718323
11.036282861597872
11.665707886098911
10.886784263182921
10.896856055015853
11.092786156002761
11.761228902512379
11.332018621114095
10.430480862312864
10.034338872524405
10.72903764797225
10.819038027211537
11.434017063543875
10.632967886649265
11.747521165629916
11.61270518885995
10.858986624550687
10.486536503121307
10.299509241984358
10.679088469634944
10.70767539298581
10.555085400334791
11.583387443748835
10.594898925142225
10.627612283050876
11.756198898728307
11.17942570444448
10.460084502743099
11.600555860451523
10.51669124425153
10.716602424263824
10.680771731255204
10.657479082562782
11.517744833994492
11.344111660327696
10.592809493587616
10.556853499267818
11.725128540322244
10.941336471724378
11.4962127049847
10.609284238449176
10.270421007057443
10.628169883266413
10.309070457776794
10.742922396670167
10.10424611493674
10.61223727752133
10.359059485723051
10.58034953446337
10.51084560465153
11.495574012776508
11.266984398234603
11.172390626112975
11.258428148023269
10.127189635858139
9.801651957675618
10.847410162013036
10.832769223271756
11.411729237985842
10.403931241567948
11.043285754576573
10.47151397187388
11.746666549962761
11.261479999796956
10.876552385100117
11.544408649850356
11.688607142053314
10.8719082265915
10.340672978706541
11.040254464131118
11.099477284439729
11.512405106701365
10.765668169649418
11.046720228105203
10.843076174861492
10.913013666131643
11.54340350894299
11.427727111988924
11.276507560339939
10.867398172211171
10.88642579951625
10.536099021721231
10.75549555516898
10.632531318485125
10.343990534310828
10.940575080349893
10.36609819309536
10.266345007922068
10.698094748166259
10.577846764448202
10.718829839090585
10.91954162522856
10.516516243837662
10.347300336184865
11.005599038998266
10.141142611959822
11.172313264242568
11.393221657825745
10.589430158730387
10.827164942963735
10.681025481875626
10.373292103063774
10.894249803003946
10.35909644077584
10.186326198050201
10.81403711217673
10.624496766661393
11.052082608690775
10.749499547436324
10.766942152648596
11.12628946503806
10.597748802550829
10.797682055717145
10.808193046809713
11.271165204364644
10.932298276668881
10.83680914345626
11.593744067516605
10.94293754882125
11.504332502845235
11.138978688638268
10.682682689548793
10.50947881612217
10.90594912233464
10.503312086825428
11.203017479591807
10.429345303498598
10.657390619978655
10.668871924659243
10.433213972024781
10.348490438389058
11.02379559656658
10.773232836008775
10.83975746753661
10.679272218142664
11.304633947159013
10.916907663098863
10.160873824634239
11.321520285583636
11.004403343501494
10.763933445037129
10.978010643405167
10.894237380380812
9.725636446623708
11.224347228524195
10.982179375371611
11.223284501953124
10.549109361606796
10.831867784649555
10.600731214893406
12.26560910025441
10.49738178729523
9.75445101688832
10.754723875734555
10.161555058899658
11.028904706963417
9.77798350929231
10.701016895758249
9.710547432370987
9.364305489476022
10.6792890417214
10.65652082481783
10.873023696376002
9.34337128652923
10.79005724006862
9.486612395538788
10.856743893381852
11.00243903947596
12.52244423572216
10.797526547062722
9.925514893284143
10.43327850713942
10.584714984394195
10.769995733201815
11.193917274019745
9.558759789486528
10.644022147171118
11.05406997451563
9.873117127733458
10.701806536975067
11.091642908200111
10.088693421832428
11.048651263042988
10.941471684781556
12.385335146700921
10.75137386909149
11.155543976446383
9.634967984125254
10.135113596686313
10.481390570012206
10.47702838781119
12.48424333166411
10.73214582325627
10.582103324407113
9.556304325373402
10.711080996514932
11.318010859055379
9.706259725527813
10.477262402647089
12.055849927003033
9.865132980683125
10.763229609033967
10.388674914870922
9.6530636584773
10.071237714650026
10.992617313208031
10.556716750406357
9.146466119608487
10.681202146323955
10.82610502561539
10.639064110545638
10.78607065539841
10.75152771580327
9.262272738238527
10.773802790710453
9.762963755558104
10.585636177563984
11.073735152348796
9.933651865327642
10.625865935295973
10.960424571231583
9.917700165348474
10.89046532933701
12.178126945380354
9.465193151952512
9.155588131757138
9.753076856240245
9.821352136530361
10.821898408735644
10.788518415633021
10.7012911782497
10.597642017115737
10.873123188708608
10.861241100613439
10.678381817493593
9.874333397625382
10.866177348419402
9.889971681234002
9.377364617281305
9.58103866110592
9.61341666073074
9.491938662674071
11.085243984298415
11.162699291598447
12.701166248217424
12.547350997694592
10.718873198274137
12.755257362740464
12.757682056268768
9.221793177313813
9.55318076851571
10.967109560648613
10.776365354368835
10.812343877865759
9.897290570244145
10.86175339131305
10.782306605253744
10.465950927495042
9.783886761285483
10.174666498912819
11.010827987818484
12.52205297216722
10.813342651219276
10.63392263600017
10.13350429846409
10.50169710068695
10.857747753490239
9.738073388388386
10.671871826570598
10.748834515089994
10.966938704187136
10.747250765335533
10.838485625857412
12.380901461773723
10.960466194379453
12.457152524788986
12.424440631745716
10.907087671152118
10.824318966826352
12.354073905376012
11.272492004733476
9.475341900014763
12.375745137587575
10.531395298643824
10.08129629576154
9.895729393800927
10.13741259240042
12.406425828797438
10.72727588434449
12.878277571487502
12.354352657667773
10.77629615782308
10.554442772838184
10.907782814702426
10.715768385358697
10.750311352043752
10.73730090316158
10.926802639590376
10.97884895749514
10.45155687970544
9.59765692674211
9.769618339341017
8.877120215381401
9.802352693031173
12.274289404096494
9.068031150415331
11.2144939872313
12.354661458457487
9.707480913026227
10.72866680099661
12.366908444817486
10.727776095127979
11.158025621799721
12.180562449343393
9.628806298268865
10.051653654620644
12.35365442229398
9.99139144839208
10.911215814488589
9.234788983916303
12.99525972134745
12.435455214584954
12.440582284724945
12.252479046854551
9.84451147129851
9.796990923577212
9.19043122166793
10.809366453053274
9.760646017436066
10.552777670887144
10.923370319120732
9.273502332320003
10.616942871245612
10.737694134930829
10.71663001770301
10.003694018686144
12.665508305724286
10.894191802517064
12.090059417219633
10.271408148534551
9.46886434418627
10.737868540867703
12.273980276649487
9.82700141315191
10.644397053144356
11.125734161328019
10.976163936653982
9.773895801075101
10.680003818056008
11.682939051229674
12.961960012552787
11.622718470878334
10.608389300584015
9.698874599067917
10.003752221518893
10.890452112956169
12.548172671853742
12.012236406193962
12.016460700809883
11.452146051326254
10.094294433593777
9.900256380982604
12.690324313903385
10.0224150695273
10.95269047923883
11.077467462644929
10.019734864004876
10.736186234992973
9.961108423119866
10.173284175776525
10.97954765008378
10.649522544237987
10.661368946681218
10.651995549999558
9.586865655478965
12.842142185140208
10.1215546468664
12.89351836138782
10.596059048837697
11.15520645202333
11.09880166352272
12.120506007348881
10.00305264370093
11.71993138830872
9.983982508746756
11.31100404287838
10.94947765609379
10.863217980875694
10.58804529987444
10.92919636353426
10.11613153816448
11.15806011234514
11.128212309717876
10.213632644276398
9.476334767826048
9.369197419909707
9.826374047530386
9.715610267824328
11.075328143728772
10.073812656635887
12.03750255172189
9.651396429408297
12.095781682306827
10.274034112339745
11.143150184817307
10.034792434439435
10.801954652812071
9.352142971052437
11.87338210846243
11.373639398882677
10.154187048927357
9.716019703886758
10.65970888660174
10.20332320734921
9.728529070237283
12.055756620155226
10.108736007512475
12.01275713667296
12.006529056484998
10.20378964703624
10.316871481458703
12.169428009801294
10.624048123245368
9.756147398843565
10.100176420549463
10.466087416705841
10.58051623464417
10.512829177331072
10.129408701017274
9.315587085172488
9.809320135086779
9.355525537314902
9.123651987533512
10.780980866482539
10.673143637343593
10.760026319860897
10.142756214513067
11.292269146574258
11.106847215482432
10.930268445920905
10.637025417320013
11.103945252265653
11.061249855169962
11.06801810054123
10.93247869136757
10.568065724916188
10.39409161304896
10.055516332069509
10.065650642492011
10.010995924243634
10.681933821592713
11.054315091641318
10.015037761213394
10.176632782569353
10.13209889515364
10.355679457749286
11.46413214824653
9.12300952884679
9.796506849764398
10.039838326288095
9.814301411702274
10.096204643176197
10.10963131139139
10.002058397224891
11.111679662277162
9.469939787460666
10.527446537466835
10.575114324573088
10.112121664500537
10.151976951959064
10.764263633920205
9.723037168701268
10.880789712270289
9.271149086429082
9.614995842424062
9.004640779562603
11.22617450455834
9.802414375684737
10.20999469148884
9.767177472453316
8.831276998692786
10.544341233246056
9.62095900336117
10.044846151205942
10.965566950629333
9.997782864654445
9.425396319989119
10.398074037504816
10.705256675241785
9.71572024883706
11.422168526857721
9.69164804545478
9.475353641454696
11.240247438794192
11.563713418743182
10.859727967349416
9.890902260948346
10.11197330653078
11.093243362088586
10.895199276729805
10.885771788385577
11.201155542327806
10.318308742268316
10.370844903704969
10.412351814329929
9.951502596692702
9.633539819395729
11.8841621582488
11.11859701734423
10.188106775364776
12.005245519270208
10.343339936838438
11.953537240145423
9.879096746623983
10.95132064220694
10.956278270740716
9.32806872788936
11.90507128198232
11.224165877137098
11.96161841208674
12.589698346269648
9.861736687408017
10.59898456236941
11.969135087156594
11.991776252522449
11.958469370995914
9.9918669125819
9.29499718969303
9.867975525838059
10.318046127558638
10.916149199120069
9.118084699173501
10.464495400484074
10.294486794525136
10.09104559542216
10.187036787792833
9.318369803412581
11.975319600544266
10.753518107050084
10.176816042124399
10.379489008360448
10.402374471013392
10.56440726036726
10.215464123008433
10.542325747973328
9.321823504386225
10.14831862371095
9.811181065309569
8.824445668791757
10.962431460585936
10.601285207138298
10.581004266989149
10.289150478354877
10.83498849459659
10.349057634462817
9.169246097974694
10.64254827464036
10.786304650814374
10.226367921005247
11.326215959215547
10.703948235741738
10.036949857138975
10.5115536476143
10.648800511725046
10.787681774840603
10.796637092704819
9.450843774024413
10.874476129104004
10.244117538731128
13.221352237782753
8.993148325999615
9.26897451487257
10.350940393134442
10.31988511047751
10.980369409978461
10.432971066585482
10.250417773265777
11.129729836791805
10.683349170037035
10.249217757741732
10.354903545267069
10.153557687066462
10.105752812572295
10.582508625083687
10.54706434339511
10.943202355267209
9.746482364444201
10.800240919988957
10.946650332941866
10.224859860405841
10.247904078987252
10.237349606229834
10.057995452687079
10.730695084430579
10.604285013444471
11.047299418033766
8.620406862168426
10.181718789027267
11.000898449076631
10.918562855963176
9.294735329363316
10.999258646085428
10.00611160844949
10.910194902703163
10.972155691597656
10.599065034608886
10.243216909797233
10.778748904399963
10.159818960741216
10.131879146131872
10.240221227644994
11.044592685341469
10.199818247875278
10.800365249508005
10.706116695391113
10.782176387171312
10.542872299398734
10.696218966554625
10.188090274838752
9.281211554403875
9.33367770997586
9.096751809549527
9.864749378887115
10.778233267778383
10.356516487421324
11.190301209274917
11.040328192845157
10.45622607889243
9.869664111700747
11.04841401284136
10.991320720049972
10.51012629778996
10.899237057283981
9.177328103558262
8.577115235577127
10.615801129407231
8.992923237375015
11.443385616362182
11.045150988463348
9.137026321874675
10.002698952130505
11.328116199273845
9.32474162574021
11.006378236649056
11.626796070605744
10.926365884355084
10.69809594114276
9.547033838483141
11.54623062166712
9.773768756338459
10.080404394307573
9.122011517978256
10.607785220236824
8.682168205149953
10.718814874758378
11.152441810047039
10.71051573905018
10.284389861132542
10.681577680878407
10.061136204533668
9.076715012314867
10.750845265907062
9.42922261592927
10.936343251223335
10.741078857523318
10.222648403389416
10.508845354372625
10.076522208604922
10.070376693964961
10.47901219408468
10.655725603327905
9.629734683781598
9.44502136392138
11.046666081145016
10.752322900939838
10.88506865219716
10.437907719545546
11.430916711881672
10.747144789719796
10.434655745335194
9.581842432862544
10.842753929152655
10.583911126224688
10.66794774025773
9.695043314335466
10.154884859226769
10.800524848193533
10.091717463032962
10.055591392770742
10.80367145728635
10.986077083543782
9.063466182038763
10.630683628995802
10.697019205710472
10.840749048509608
10.636135099046585
10.45832710308698
11.951634674343454
10.708472935765235
11.059661370296848
10.49939066920002
9.433180789957555
10.512071130306056
11.055048228302713
10.774779481384385
11.49125675479421
10.855577738003019
10.915668716124358
11.00185241452844
10.78611279331087
10.436855383209155
10.12496722902955
11.081549358629998
10.69766080269347
10.926467348575704
10.721179522357716
10.004060158872587
11.306586283312262
10.743295663371597
10.672217288740555
10.86651632520835
11.34074991565057
10.944036585678633
10.445481082929179
10.925171672375333
11.292162459190244
10.59533763174042
11.075582694605961
10.6030957588515
9.979517191517644
10.58464724764006
10.171581012233462
9.981273460944216
10.561028032056827
11.204810325820384
9.225642148834329
11.082801209094761
10.988069207516729
10.575896860831081
10.624237982435314
10.630957565421426
11.577367662579817
10.956325253568744
10.650335896614916
11.113499339775437
8.959218206031755
10.79122489101303
9.413905879308663
10.030516810512966
10.874045530912417
10.006306486386046
9.123198661256145
10.651241425897302
10.622346031915324
9.802150987992965
11.00691202202467
10.873591445148838
10.422369610601185
10.622094670903175
10.896977347083535
10.936320558127084
10.995621679359784
10.608715525798566
10.810099204473737
10.897837845596111
11.132498623998787
11.008467026742105
10.788383392132456
9.639936689395554
11.405711284541267
10.086464920647233
10.554803115364885
11.316752423960803
10.443919598055608
10.088095537253011
10.124233441017177
10.93845748395777
10.363348229672223
9.934624757599757
9.444960546702935
9.20648919478088
11.204178210318835
11.182389338126146
10.725468529032916
9.682990614873573
9.646705018579144
10.754769087693234
10.6314837594936
10.2563705576114
10.976261482885125
10.901962573912515
9.162608184574047
9.319564342292333
9.178211097362395
10.311232017936865
10.044817946352172
11.386322395292227
10.754104125835358
9.53344255512605
11.129353440519509
9.814220710362875
8.887943171678495
10.667005328351326
11.03325016816065
11.074470535360073
9.91426797054713
9.945910904508274
10.52046883965386
10.738142981937028
11.464847684674826
11.566112265668078
10.603361123602916
9.998269354435273
10.699041047053472
10.956511327480518
11.408399119795874
10.704966657266704
10.812640527975287
10.160950950037652
10.94189431092473
10.698998781298911
10.90486868421474
9.169289403140839
10.00118794995201
10.047114125754252
9.929186955954531
10.793928698128706
11.035758776425522
9.458947190546578
11.075818583805596
11.305846326616493
10.871278311401836
10.694080891266156
10.59979042095693
10.194228020788152
10.15871291436005
11.19633171431721
11.058118046835
8.781982882546059
11.3505455000235
10.70085905289577
9.13739046582452
10.190772248674003
11.103735920397364
10.711158793305822
9.665301515736251
10.74226943527622
10.48841873748892
11.049388507326698
11.430836178292436
9.204930726713034
9.261705279604376
10.829196562368343
10.508360092239204
10.509200610706461
10.75776767520417
10.979039366169385
9.229186418276065
9.459112566873149
9.756549586124326
10.946470871973382
11.035418549228854
10.90489404144272
9.943780970454384
10.743953891428607
10.115801883975449
9.083019497532417
10.618140921890813
9.476926473850911
12.538580657162852
11.70600116190952
10.958075243778541
10.67085397162864
10.6234537147652
10.813267077731949
11.343489362293244
11.439452828535826
10.671403416130255
11.296253014673171
10.48996465105295
10.554002989427271
10.570781483955633
11.032134480488683
10.192967756951415
10.730168594444034
10.189010520417815
10.625631505707899
10.480985832165194
10.539764115614247
10.434548601934633
11.320060623768423
10.78723325069995
10.741193546733063
10.66486902182918
11.445421167417088
11.151297879557204
10.798833645623708
12.011609120675525
11.928781865872107
11.298822764473218
10.804012677281298
11.622603244515341
11.429333669344235
10.55334756234064
11.426553662133506
10.730680576072784
11.08156211675391
10.491417901342766
11.52815819712467
11.202083857363357
11.661864555770563
10.807683890601503
10.86908612771177
11.32542434578471
10.787397289494347
11.349430315599761
10.725121216383446
11.924696973638218
11.564231370907764
11.789205423211202
11.959567888957308
10.629891092219935
11.111946012266655
10.980118175046021
11.1586835959695
10.883961291065104
10.980177566620045
12.188358609782293
12.070284440564109
10.832147296860615
10.974429872201016
11.459726091232964
11.279045531394
11.293637023302047
10.93270260423887
11.98275968580716
10.938462452227494
12.190577711852367
9.390147684229461
9.57518372988336
11.176156415695576
11.872878233929764
10.946910079676979
11.238476703955477
11.091839841263747
12.33650932431353
10.83622151764392
10.796815422905992
10.732191426604265
12.276090138754018
12.264389299362211
11.205142585581275
12.395978943591288
12.215362846930102
10.292715519381566
11.217538454479309
10.745040865458911
10.80012031305838
10.48799824921133
10.659540663270102
10.860668087356915
11.994973028459654
11.024140455273335
11.8614163337061
10.708099557029437
12.068436484972771
10.675646981201265
12.112249894783092
12.306765768637167
11.835532311614045
10.727071699184153
9.823907687535526
9.457689766719282
12.08925780014696
10.907183692713568
9.086701507889618
10.223443425051308
10.886164046981813
11.100021869355587
10.943760885106688
11.409161959399928
9.40530612328116
11.723261675295022
10.758298473686994
11.171310449083261
11.614396503867583
11.073654688471741
11.65768778261108
11.219036787722562
11.518989588808804
11.7124957693192
11.244951747865267
9.69057768637039
9.865769151751255
11.91320378556996
10.211243835504161
11.45334833691067
11.87405036978175
11.64709894874564
11.287898805656745
11.540596613473463
11.786121318866408
12.16063487999668
11.387414623700217
9.365718056494988
11.977640840212407
12.291740248067152
11.77350460274493
11.578645021859915
11.458538973913111
11.534254704939867
11.635678922981713
11.843723561626275
11.66021327485368
11.562369128361189
11.378854015242506
12.340442594951435
11.949478409445202
12.045869256431857
12.09553419233633
11.477736960851157
11.880180956618434
11.705632424858647
11.647667392704612
11.752157516647346
11.853822944258516
10.677665090464012
11.341095834235892
11.446668697867093
12.173944122872701
11.732913305928077
11.864579350663238
11.945141762226172
12.067192257354279
12.401429409288426
12.146297266780776
11.961908665904266
11.852702698741103
8.601912474595082
12.303790453617554
8.801596089240203
12.438124650041486
11.804908599299804
12.330288259252454
10.045148807987783
12.027547392867056
11.464056970274754
11.762254743706942
9.366043259439945
11.540566977211487
8.990268881561574
12.034944691817087
11.847831697630102
9.180213778747376
11.321839746734284
10.346174671442315
11.783488339970322
10.80948400856
11.67025882176076
8.846866363275268
10.84274737720284
12.082523449537138
12.114061352524795
11.770712225264814
11.986247543052981
9.252810952557066
11.971538614261716
12.252180083022985
9.471938264385031
11.521042707747359
11.02676110270504
11.429744667900216
12.258321457209462
10.311636352588858
12.302339402968403
11.707818327834712
11.955212535352898
11.838986809994129
11.76672205957104
11.66355064659512
12.482953971264223
11.783216561845002
11.80609156293065
12.237415214619483
11.934265230145295
12.085380232769129
12.0505628779238
11.594855488539125
11.89508082786715
11.679778597347083
8.220899019538743
11.572456438685846
11.891192816241414
11.850515430633223
12.15515734341507
11.562422844628475
9.740257838855335
9.52280462327977
11.803156584835564
11.387747878226033
12.373765599751067
11.970541597542027
10.982756640759593
12.268064531502391
10.802318622529338
11.627518338489944
11.306262104427715
9.572026303010109
11.959740680797918
10.779914914671732
11.934326520782005
11.335455695823295
11.470994117323784
11.795012231640971
10.684508427642992
11.731645452885415
11.992085099066063
11.691109904509297
11.701739344066914
9.904166266909947
11.899027959165092
9.289010522297305
9.347981321997091
11.786007943105961
11.772949757442486
12.06513509444457
11.45222408955598
9.718491121378747
10.274961320835056
12.022010779374487
9.038346906057305
9.843143967710736
9.61246718217811
11.54131306029532
11.09483418866611
12.145609661316819
11.586510644154844
11.671487099687296
8.716052522222931
11.508789139477363
11.426221373073258
11.224398269014216
10.621099620354615
11.525412144756883
11.634519799379554
11.638178944227878
9.672786323923411
11.67524004242312
11.748362919838447
11.780676746361314
8.599703582735042
11.55967910569248
11.767765600172545
11.24271793611085
9.398488902060635
11.613138106423266
11.706819292245719
12.349414778683245
9.954147075002789
11.655694474070504
9.292251866182847
11.522134375550547
9.252289188558482
11.94137140799352
9.253477913011489
12.407906825470812
11.489716664634983
8.53820788280939
8.501559105238973
9.676329374185576
9.517177172749303
9.014289317103575
8.800752866444428
11.42672837061243
11.531697059384113
8.583444413578635
9.014662628370232
9.637337140701034
11.384549251310201
9.499586548116731
9.371050813154868
10.626506232162289
9.062464194888038
9.951885945547895
8.549928376398581
8.537785767100832
9.155100280452922
9.935585995794552
11.546490165367286
11.431958464105058
11.36286829108675
9.505138970416873
11.295248046427584
11.27568002352538
11.488550547505895
11.464033664499174
11.54180456165944
11.50111058962612
11.596360055104595
9.349386899132067
9.395067707289094
9.233903179590243
11.340717782319159
9.010313993163075
11.764043902721491
11.678728833675285
8.760464404289447
8.80338318323968
11.804097575954485
11.68666977979183
11.406027510120019
11.79673469777465
11.433030181707391
8.781035766144747
12.375888285729513
11.289927955430162
11.587926284008903
8.522620847537915
8.714471459345436
12.373966653704073
11.730159491917995
11.755479329275097
11.251576474145272
11.817991788802203
11.359793213310695
11.74246650611184
11.432535167540776
10.623158017771505
11.196664661867382
8.945516557980577
11.66133874521723
9.155702713836197
11.320583165910348
10.699865092895713
11.761722263098378
10.793201106871619
11.521217341047628
8.7910364719303
9.401881537561305
9.098561748818215
11.539563442667706
11.250769645791188
11.678885091596738
11.372839478803412
11.14632785256525
11.311588876395795
11.662653239791405
9.256843348377755
11.309717567552003
12.210271124724537
12.059164400777677
11.294142990888007
10.89988720504238
9.759509084778761
11.220067609458749
11.98812415028419
11.26819644279425
11.354895853159842
11.502693070131086
12.597382268188872
12.048193384466476
11.081194061600819
9.323350655787497
11.724647463686136
12.424005832423799
11.871064277363818
11.390225412890114
10.295940679864763
9.526738785101339
11.206289031877452
9.761482674025586
9.126163381492198
11.061893232692714
9.358575659235877
11.958986676531934
12.168798896925116
9.0295059548054
11.56063045825349
11.887825720154003
11.118116482597234
9.92454726830679
11.711015126433924
12.446000676325394
9.11057221453499
11.54146947533503
9.460037645170692
9.118437804233366
8.755966461578334
11.816394503739096
10.057942274268365
11.047682074581857
11.609272990220344
11.328287265917766
11.172833908306051
10.877668200288186
11.169717531120142
9.550273466647509
11.78599821678771
11.550789811006032
10.084685787872198
10.174897059355079
9.293002284518579
9.326418378664297
9.73531888821444
11.362440674674678
10.79659703757556
9.377681326851118
9.387677717518784
9.731571614282432
11.677236459863096
9.14087748497658
11.613056803608316
10.910896983926325
11.203975865356789
9.423480760590571
11.246238459746262
11.610418894600777
9.511829291658916
11.456667043113177
9.552227826889629
11.740120159238321
11.464586861530314
11.463931653843359
10.957229149454657
9.231481508569388
11.68012499364674
10.996141872461141
11.70796439480126
10.940909396384047
11.145864869856796
11.016754800050073
11.568864581352626
9.794176590057837
9.844365915939715
10.625660995528087
11.117032231121003
9.996862640689582
9.749614958076819
10.957327492330064
11.163320015833762
11.127463255639759
9.645629783825282
11.0293283335028
11.473548474689157
9.444263537387519
11.139354045606641
10.974071961125722
9.77867433547443
11.530767538555896
11.222882641893872
9.830040727365388
11.555031172101023
9.896670181476235
11.254517149584089
11.660466391935202
10.85229508653317
11.308702615357454
11.452735321590994
11.409433621088684
11.325922495876021
11.077009534059979
10.05211293710834
11.652828300295317
11.887425272579085
10.029478181144166
10.78658728364522
10.049966705891151
10.098373522899664
11.026607586980317
10.91504065997246
10.99756129938342
10.638603197593817
11.544908657832298
11.648732817530634
10.752858332196382
11.644647401328823
10.806637741894535
9.585591972335216
11.801718111813706
9.951574253297434
11.218826730175056
11.233049025515022
11.340453467555141
11.61522152952969
10.977078586704078
9.932343048698677
10.285757412709355
10.741232277873296
10.357540504064442
10.930783873462952
11.325416116811038
11.217709030273662
11.290641327896244
11.871001160917244
11.28916820744943
11.605826909434274
10.639559549001403
10.329370594871687
11.003548210111946
9.861058699122827
11.25933171984401
10.571825839057547
9.359875569020033
10.964789470831658
10.51224386993611
9.395239110471598
10.762488274960026
11.190672116314492
10.338757777388516
11.426377866404382
10.583082055244741
11.383727840355219
11.153406183537554
11.506206275718862
11.386486260916685
11.26758415330776
11.179799847722798
10.407962210527625
10.633832415659715
11.165982472382565
10.800786238943095
10.058470691579423
10.97437902355588
10.64751052208666
9.253476233599901
9.27126682173288
10.071146376694932
10.779366367440316
11.095091100296749
11.200779924929236
10.390604739697222
11.589655960404036
11.18532820627643
9.981087454229705
9.744243970519667
11.652705803416698
9.815776409431729
10.664653961457303
10.33228256993816
11.607044787205522
10.442705498752916
11.420329325885819
9.179293488446119
10.093981217894171
11.30638028426355
10.29583788393224
11.412065149225963
10.130496664214851
10.714070230279859
10.214024014352582
11.070442038004506
10.245468115134978
11.536900084419553
11.266628980502187
11.323435078511116
9.631968855238517
11.06363512434116
11.750141209135583
10.37460146317855
9.58704015054156
9.564178145209151
10.276463821390498
10.062576237744745
9.806038688962449
10.074187824232226
10.172639640735875
11.28060579935723
11.31565330830877
11.556446204090257
11.019026226780143
11.249673821273808
10.974341977546928
10.971603113096965
11.29894101491214
9.695703042367617
11.218140879222933
11.213597250615432
11.08663976349195
11.29506682480025
10.97112797915009
9.700281465520481
11.239963828383422
9.759214764807389
9.994621381160929
11.174970705059144
10.23374931910329
9.835883047018566
10.006886802408896
11.11456647269915
9.81083928103093
11.610091804487501
9.951729555413047
11.256926034196471
11.379467683123316
10.011923050494628
11.284957371831792
9.551891562906247
11.217793929147199
9.892923238790289
12.359840730692511
10.971085336997323
9.9632343281004
10.171543548682893
9.772288454195294
10.90906932336039
9.674935322255578
11.644799011449155
11.729901901632381
10.59865074962421
10.257392911907104
10.524600611042242
10.183191280315318
10.437840879590373
11.119219444285722
11.030443737789211
10.761537121084961
9.792672662906037
11.499520884333037
9.098313033420013
11.161566573062133
11.44223223752928
10.219664914727446
10.494156382910129
10.641661598950506
9.450141623142821
11.514159158074776
11.151384841110113
11.469858714853801
10.860000872107866
11.115841214117674
10.261151097735906
11.459567320156875
11.682287435822312
10.789565580525384
9.980702097879497
11.445367832045225
11.256882131873764
9.573572632387316
11.360220819421292
9.924893461140863
9.523256164857198
11.270061375224065
11.371421956060173
11.33486758572924
10.424562661645556
11.433634187488265
12.197071966792375
10.730567895444311
11.399799079473256
10.191281578671893
10.908379868400678
8.78646387994731
11.295654480651535
11.368696574810839
9.374432325059804
10.115181721264678
8.72691129954888
12.14642606739368
10.914126280074267
10.318292054041208
11.298350547681553
10.20647906687657
10.2026801817682
10.570555576080116
10.531987661026264
11.093360979846667
9.635467977249965
9.307758018659529
10.225199374262237
9.875271299092715
9.961888156140725
10.151355765345059
11.247179904491068
11.335794712061952
12.382042853126702
9.729416980453477
11.323008216294994
11.389530074799092
10.839448369750167
11.19138909472299
10.873947136782256
9.957309706938332
10.05900073522801
11.200968841335612
9.85999102428775
11.072063959901325
10.74195377410179
11.241100299654912
11.00391670867056
11.337231649904421
10.443219435054994
10.17000357189561
10.7473354414325
11.059035334028241
10.37838741246288
10.022658570990187
11.398964088260932
10.040728138551653
11.167432482384157
11.629759653321825
10.990639451605615
10.747705011972487
11.051650939059584
10.082013840891245
11.290555037536947
10.645724613480994
11.360600083889786
11.519781964134902
10.961228256904352
9.635765007235747
11.72222631790617
10.275253549721869
9.356493243856868
9.468915624305724
10.875917083406947
10.948003088103881
11.014172226622316
11.066030260270676
10.846586761808192
11.738223269909664
11.212633307280562
10.02629528064849
10.434856022270681
10.582013450404538
10.429481839282834
11.616567589023884
10.144806007166778
10.188229527092387
10.014915628599745
9.990901133354871
10.553225022291654
9.768460462327676
10.064749672824613
10.067643570065515
11.938508933561222
11.614840948671878
10.36251342609223
11.698437922603809
10.779776317225037
9.570140659939918
10.196484899183485
11.102934107452121
11.781399135830627
10.703948836332746
10.412658186864121
11.464840823508624
10.49255000369401
10.36129583258481
11.387455022992336
10.113993349238626
10.174015486143986
9.862442452056484
11.049369935772354
9.682804160350265
11.664166861772653
10.840228726583213
9.866962014048948
11.399786764200417
10.106292550783927
10.324810024331002
10.355595280062136
11.694123362302914
11.968229276366428
11.926436466041565
11.153337591851521
10.509782996278453
11.34737818945876
10.631818627903085
10.370660168775903
10.528674329393043
12.022452058426774
10.47002675343678
10.302210259953252
10.795174324182447
10.78044634440524
10.23652267761127
11.877799403128842
11.19164921053055
9.473803380658747
12.035595882774949
10.276081078613709
11.549894818529483
12.073091342630384
11.99091065057606
10.314060188049346
11.434500075934999
10.507861609117805
10.77617693993305
10.988152616072945
9.843675490321022
10.435681223167869
11.05847371848928
11.169101944153228
11.71601981824844
10.754013419292043
9.40242750781254
11.132171201195138
9.555426013257259
9.553725153354849
11.684489857686698
11.039941325034414
10.44477355943536
10.717590640803378
10.456567490418484
10.709123028714544
11.975834234527301
10.671797060187796
12.082230605769562
11.43098988661825
11.003855477960848
9.80593650256043
10.209427017407574
11.407853039771576
10.66396345748916
11.707887287546756
10.27423868333164
10.405145992693527
9.627782916461666
11.542283685706334
12.093268424448565
9.457889451229454
11.209394957746381
10.931245378477472
10.347568717473507
10.64241254122821
10.443864146808403
10.571131814325623
10.68978500159461
10.686721918873072
10.556631489657313
10.70339191844464
11.295048532548078
11.699833511034756
11.914163249910827
11.027650519294403
11.952792347169554
10.366699246419326
10.125910473734951
10.247131173372736
10.1485763828917
10.929205468522907
11.014654634228654
10.333882297518974
9.746274303331807
10.748505664173601
10.788682467618791
10.40995073002955
10.789779665435537
10.70761277496962
11.988920350944479
12.019302629817018
11.834413174810553
10.934547968357263
10.8417411393405
10.690886112467206
9.363679508999732
10.657587440022866
10.551134314665845
10.130089173857234
10.339938465845066
11.419389496461552
10.246269536947768
10.72165516264843
11.349591044973423
10.861535076677647
11.797891485505614
9.352614255879697
11.630009159288107
10.16161188827771
10.679528519657916
10.74031388420328
11.010638491878522
12.035428403202316
10.672994305923623
10.675357252511589
10.542321983202715
10.614676641664463
10.114580603718798
10.66033593631659
11.727392869024925
9.643951568291545
11.209070690814595
11.839204586876246
11.083168299879421
11.250313895728578
10.713157262663307
11.177375531699246
11.713316494973464
11.601226338558222
11.159482205784789
11.399838161467617
11.486625298893918
11.649542256733255
10.253774486841197
10.63844434382552
10.603060780340183
10.867209932355525
10.541078093062056
11.290922797784102
10.616589584002208
11.0409990073898
10.907164349075952
12.199747401379684
11.960172122323375
10.56819778157451
10.758624209464084
10.070044686966035
10.901205491193368
11.055967265444377
10.360380884368412
10.574169495367492
10.320878524111686
10.813228144203684
10.707893462006252
11.274446777973461
10.883658759183763
10.72091128000119
11.299113026216714
11.904285467701195
10.75962633798056
10.760805608459
11.303333466940524
10.654586847038871
10.753409595880596
10.950135317614388
11.263410623369317
10.607042796752472
11.208419388297205
11.364177170939909
11.374784351504454
10.712004986655888
11.48570925892368
10.771254408059198
10.717612723754627
11.942735570659975
10.519032894373813
9.870718721608563
10.795365099792049
11.190724563045205
10.831690073165278
10.841164054035255
10.825152141471829
10.820037202112479
10.790883762774062
11.098342907860756
11.149334126622236
10.870044084061709
10.643118156107622
11.191265238355898
11.24931666287862
11.047786893902135
10.98642188544388
10.460343207560644
11.405372243027038
10.870619846417947
10.826035744535252
11.484942152642622
10.787813435750596
11.018396074111442
10.75305695322228
10.002285044681775
11.755601170179196
10.417556511869584
11.362945772776463
10.613410239794806
10.421571132506273
10.7719034623838
10.75173564694874
11.229525472222308
11.923235351879077
10.522552823874383
10.96378059598194
10.946649052583387
10.836643009564462
11.00896953446422
10.725286989366642
11.165578049256778
12.330875265845668
10.607707949276188
11.123587002699997
10.520727027153706
11.37180703450814
11.302599198328958
10.525844904693972
11.063470802933425
11.146216469079429
10.469290493823049
11.41199951777476
11.8166865926797
10.727058854218834
10.78247891710584
11.415062530517385
11.823991623825593
11.889725322005576
10.37115348925585
11.338008310124373
11.124467082043898
11.6964049352989
11.323664220088146
11.612483883831862
11.765034669196996
11.015876177465193
11.837679205776608
9.92787775700666
11.618354476751287
10.337799440073278
10.308236867917158
10.499866516448437
11.67414923903502
10.567648294550088
10.827983850715786
11.61698402295021
11.186750715996935
10.832569283606947
10.775181693585235
10.61365697108739
10.621037758040018
10.576006657064298
11.30099443432462
10.37613809321984
11.233837527822974
11.056587179925916
11.446603710084462
11.459164492310816
12.073092359560883
10.74108722271228
11.253620466843364
11.982076191625874
11.267874477851398
11.522754017367284
11.192015737689387
11.098448132342114
10.894758638606218
10.361319460120475
10.467904622760742
10.935582909268033
10.755088042532961
10.866967344837608
10.646858761658688
10.797538999015128
10.643679731191801
11.159122265515187
11.08385784694624
10.972784518976281
12.188208192006396
11.350191590261923
11.619703838710834
10.421068463639376
10.976259689979175
10.520127177828202
10.309210018081627
10.95581013137572
11.299162051180947
11.04708537824794
11.058575161094375
10.792799932038077
11.966704524195329
10.961827497262002
11.292292238053097
11.45637427640444
10.775059488493154
11.388245450634862
10.809394394065585
10.597561182935369
11.306532790901468
10.889889813033555
11.032952072123104
10.989494988510932
11.634808440706166
10.556015736619775
10.790187571575139
11.416914527041335
10.789372531845833
11.438556289933118
10.510790355346547
10.56532008106744
11.342847095254518
10.872737156711988
11.009359575807347
11.651144097950327
10.832974513389788
10.591928080295899
10.698085321441308
11.542513723885598
11.10250402932602
11.321017238482945
11.066693057294545
10.996374920459399
11.435777316150862
10.854746915618035
10.687358229561797
10.423512456663126
10.946125050117434
9.656996562226269
11.251168332821349
10.451114241067568
10.53426496571383
10.595360076651112
10.676062734134801
11.09366880218332
11.814781243685989
11.045087921688948
11.013441089443043
11.033626673060324
11.211540756237634
11.290910317285581
10.542305723606102
10.551361355170874
10.878184039475954
11.301082138692943
10.540523337840103
9.637956043442948
11.163607183682808
11.6670887035276
11.139041419250786
11.204588347024313
11.07541637579216
11.585739948926497
11.473343828651773
11.04842807102327
11.974697433196436
10.673389354104021
10.770680818840422
11.300922217221752
10.522350664229263
10.701166692425987
10.337943841848565
11.097010070700208
11.126182441643323
11.109122794520038
10.469574003764867
11.748340032990042
10.678668767517927
11.657863167516334
11.883390303895725
11.640952364382889
10.782707708281848
10.803887789096123
9.027248123730176
11.086102360661348
11.608039459952911
11.834246810646643
10.555894851975278
10.76598536911075
10.989211895220818
10.87620172744759
10.909514592565854
11.968266796572832
10.368675631349408
10.875355657589417
11.022664566022074
9.90190027553617
11.048200436902912
11.45856375843907
10.469723217412668
10.992789537303649
10.796216215441804
11.26114989263809
11.154492468685737
11.270743794206926
11.184064618434132
10.400665632337619
10.697504736601537
10.709881477677882
11.116831236543138
10.81396558863466
9.805967697401327
10.998831587409677
10.95790643965347
11.884576906267613
11.079442677903613
11.053189690848882
10.28194617028897
11.694333813249655
11.156638750435159
10.821481976248796
12.257866379951366
11.207653875148669
10.996579802812242
10.682847177379308
11.236938267655272
10.030125431850461
10.713399718696722
11.827380126551697
10.875763901985707
12.111847626802502
10.771130373618451
12.41750449092915
11.952560614145227
11.872636067866372
10.669057692325602
12.352437717980738
10.571473491083875
10.840972476985035
11.304056833089247
11.121242888962001
11.27737552423225
11.585938842772572
11.136158103490338
11.03928246212905
10.674124282268691
11.010686596678717
11.077108851616977
11.728827604998894
11.039595432575164
10.571089402758894
10.741021084932111
12.497983586566153
11.231413645774579
11.08825326936841
10.455819088578588
11.166026416701472
11.419425432914556
12.063524350673998
11.302984796046417
10.738183441489047
10.955537468216622
10.703124721460709
11.185006240971104
11.602421876589307
11.818223620737221
10.829312758604225
11.531911972930184
10.600518522275603
11.070727250995256
11.643739828458427
12.263889120042627
10.809499728113195
11.40565461804171
11.057348536632098
10.92227084291753
11.471765701356288
11.176794331468495
10.838537350332743
10.98199244390218
12.323861863002184
11.64024864806685
12.056091873400172
10.805517112156013
10.817205878208387
11.788775784683844
10.54469516136465
10.895754642053623
10.92439208431544
10.821706145633676
12.096702750393577
11.286497366311387
11.478715632052895
12.370971888277117
12.201054099552548
11.251031884267835
10.841400806190705
10.821243690545142
10.65275161009981
11.986658460968437
11.313322201256602
11.003733584043827
10.764487556024447
12.440303881904654
11.676773878377112
10.876293973929158
12.22151727853279
10.75901354233804
10.778729968598077
11.476827768050695
10.875529632807403
10.932418883220649
10.945851235096582
10.872785843627543
12.046974752360796
11.134870400109474
10.813530185609938
11.118556166997505
10.775025827689822
11.013878810821309
11.335005642537045
10.700812121741295
10.74818998834935
10.993050834528914
11.28178264288924
10.770206593079486
11.232580878152142
11.378572422003394
11.190890056338068
10.993512236616791
10.953285456821812
11.377982454290365
10.782602659055552
11.008942384656532
11.309865109455894
11.050960975380345
10.6996361482202
11.037584604478196
12.053119702447836
11.136250799654356
11.969426957086457
11.436439257315234
11.561410410876332
11.207342359327948
12.483498186553156
10.808103088060829
10.670334051965687
12.591845739835334
10.68167319324459
11.005446668980635
11.231537270369607
11.055981479536367
11.083837961277249
11.277972437442044
10.903101836827181
11.010295926772539
10.890378500211067
10.87431800731958
11.42156339687078
11.252274359024348
10.999386375209781
10.8832190876072
10.857682466458158
10.767583248237786
12.666858359134613
11.105953900190253
10.928497109875568
10.985616305663184
11.161068238028685
11.05536723422897
12.777898744262082
12.876389759992884
10.875651979501876
10.84683122041102
10.646171869434788
11.228468338619901
11.007838162534764
10.56959991005702
10.815782793742285
11.228473268902036
11.190264761531447
11.06968172165809
11.169612316927472
12.61249226713429
11.236119212797295
11.127923601083673
10.974831399179438
11.308451928686013
11.94582460874003
10.803458501923025
10.981981218826558
11.074083239288928
11.069154247020748
10.904512752376538
11.048815111639215
11.563420857724374
10.801891828948657
11.032530761401432
11.248000532670577
10.982562615728535
11.284332646844804
10.84715583640968
11.488219517004929
11.354006572922158
11.025124527283245
10.794474442331918
10.77335554055243
11.147109813695725
10.972735153032898
11.049110483365071
10.956856468020344
11.108476917037628
12.392634775216015
11.03970274508267
10.862392489593402
10.785357443921145
11.185752453580019
12.773194880086596
10.889474608945713
10.747360418193002
10.829465260687952
11.163097119578296
11.393408003175951
10.83230620650122
11.235212903960923
10.960343425161653
10.858446601855396
11.151135898759549
10.936363354651279
10.94636009536565
10.85359399617156
10.994436082455056
11.623902903734994
10.72409428719392
11.031049217721232
11.364005322146017
11.651877592615454
11.119361731079465
11.03857394112342
11.031210953495721
10.921387419185084
10.995658255796734
11.663586658388946
10.977035785163771
11.405354349949503
10.996067367672076
11.526009147672372
10.690933477591377
11.071768886473269
11.604519299441266
11.07457440201202
11.121024792099215
11.072363012768825
12.442366989843894
10.784814615687953
12.605810378520948
11.107811853845883
10.826455618777924
10.821284737770283
10.81325385751916
11.070106753743838
11.111917468661217
11.135650895200081
11.203584002204101
11.114765951963077
10.800540148348265
10.99360291934992
10.818560209481081
10.76885447981025
11.22112542891983
11.266423561412372
12.37612377109508
10.885568794390409
10.960547580133499
10.859997754138604
11.123755107288632
10.928833418484217
10.833509395937982
10.877231941311727
10.971903258217077
11.028640381052913
11.149597717181448
11.112869480922386
11.146129816798018
11.236320772627778
10.893137116560846
11.129541093681198
11.115274529070243
10.906082159894044
11.03262715441882
11.083374062149105
11.111670287560425
11.000323241788548
10.658295649576397
10.901134767470193
10.651070756693267
10.553812814916165
11.148419201074676
11.113073527562257
11.368153521645008
11.105998165683195
11.805795632957729
10.914727077126102
11.04824362570648
11.203163200129119
11.181919822247394
11.058842442207997
10.775728062672634
10.719739225161481
11.034464212296601
10.883909512115103
11.201362738635659
11.682917410075538
10.829243830352361
10.78574782251185
11.272583387406476
11.02384840820554
11.161669743058138
10.938897840749787
11.366824254768291
10.907180499412817
10.723665488735941
11.33821364180581
10.89123695972421
10.80145908568013
11.699456901563767
11.131637865931564
10.869499603737232
10.744320444389354
12.071804129503906
11.002296829273991
10.918937215216832
11.179373227325543
10.931095568706745
11.189772167208176
11.083839944486167
11.244321948743725
11.060649905390003
10.882221881685522
10.861652204645875
11.51627638093599
11.160066081208912
11.199298726689225
11.078400032963883
10.99124020773613
11.31675190768984
11.151642776966943
11.07785855193118
10.871705585608964
11.071065445722214
11.31066317494797
10.757679178310358
10.916830065526497
12.613630040423917
12.174692074129473
11.07130016466417
10.85365583099049
11.127650650322735
12.22663486975225
11.053797825374382
10.739911196815369
11.017207982858089
11.182460431329126
11.368197202063135
11.365922535068334
11.49336513431712
10.892362146203412
10.740175958649292
11.439608215549423
11.157747890038547
11.218150648649548
11.53123919026365
11.094446094374897
11.61434330605367
10.906381889391783
11.143106606485706
11.115028101282986
11.250822978802667
12.128927303305211
11.49019323605854
12.01842284403425
11.162127090417613
10.919549214604523
11.054455305302683
11.001754179788584
10.930297543152758
12.144836958506554
10.768773481377973
11.301141012351044
11.927119210194894
11.46583596609906
11.365931063485723
11.072835454446428
11.362508387800121
11.234559300565444
11.180829791281607
11.772138515857028
10.749503565568675
10.996988491603316
11.077398523331189
11.981001622547156
10.787496374125974
10.775700180431544
10.945173358050736
11.374673182077073
11.153515168677083
11.132416691077646
11.353187388605301
11.083941503400807
11.448776178886698
11.297992745148527
11.120970219983
10.725842203922008
11.703762220004942
11.344655016604479
10.96829186362072
11.79551979071157
11.132687077309503
11.300962940492433
11.275781311369684
11.345170666076635
11.221482062703215
11.244318135450072
10.777774088926417
11.854629647781563
11.165054031520485
10.550734910203548
10.87900370895092
11.119158391940369
10.859983906798513
10.791762677019946
11.06008062221724
10.86335678298145
10.689286783202828
11.029533007679063
11.027821826665074
11.179795214549621
10.964821378121748
11.21215124456195
10.97814329466425
11.707636912432827
10.844097782789909
10.998389539173601
10.992927744046181
11.855176716962534
10.942094204667429
10.461994642834318
10.542197535208283
11.242533497077774
10.980598264248542
10.808847363879265
10.956357500679568
10.95809176985305
10.98309079235459
10.660861938055149
10.469632857763505
10.599683388212432
10.703489005347821
10.739667135692175
11.708468270388382
10.921754837999869
10.591307435247076
10.597437307187926
11.797951478759684
10.954085459207327
10.87094521110481
10.74080886516708
10.818267100763611
10.657332322376528
10.725661026921589
11.74565225967525
11.140445261392612
11.080663402123175
12.359560903541961
10.920227249202203
10.779281318255997
11.59521296596911
11.96618509887687
10.854975630433586
11.10520962378133
11.17712176204698
12.368144850300384
11.714879191729556
11.261757099506475
11.34578557834813
11.819325193669465
11.892195886933727
11.565701213177672
11.787620757217127
10.949056442512783
11.410561123735915
12.760371016655064
11.480244977538577
10.86233571803018
11.813919411652645
11.600280661257255
11.278491504665928
11.392125317325126
11.080263807806315
11.001655402368327
11.352534526142486
11.95360474797922
11.325575331323702
11.1351735861865
11.977546166321464
11.464725197173863
12.657722455544484
10.918098716075308
11.089219008781486
11.294205214580305
10.916659828115202
11.72788718752573
11.671415285269322
11.180563411106581
10.965171223288305
11.296361868379384
11.52007248136879
11.937939586813876
11.246246153001275
11.23750075017271
12.648209579067354
11.078220390900391
11.043378510475026
11.102437969109863
12.569873899686561
11.068199219970895
10.916148713930111
11.407647622083429
10.863283973695774
11.811978301989624
12.416698347553849
11.042761866215528
10.810944405380006
10.613561503372873
12.715454597320173
11.144884578967739
10.919371572027345
11.279994370690194
11.025324760979604
11.192224989313871
11.332878226965764
11.240980949697546
12.17201800843107
10.819189735448214
12.602291925520095
10.917130037345238
11.03723347426201
12.489716964441564
10.939512045049968
11.349736597660783
11.074662104266322
11.081653383923397
11.022700214113106
10.82630783158623
11.05962471561477
11.207648438808047
11.289367726671038
10.884440835165655
10.984495025414592
11.073804664817914
11.371062249332027
10.983481995589965
11.19933704046982
11.069318395439677
11.10174720594751
11.110374397845616
11.322696312573015
10.801171674200834
11.358643089209492
10.941437076698913
11.612020508646069
11.31524637646527
10.976964716849675
11.052083292897073
10.680986897868186
11.138461358506728
10.928555195403865
11.056394686513327
11.09808321185639
10.960791004685117
11.270383822023069
11.227490355654103
10.86241218131033
11.961493438918339
11.182979148703833
11.002972648300005
10.68033330524191
11.53833037309643
10.63866693326031
11.14356385796015
11.03790753933919
11.085250017362554
10.998831488562614
11.056111901334505
11.184565046422515
10.96190926693049
11.301628046075503
12.226176394903389
12.20035671564624
11.129404578416697
11.200044320874913
10.992092320143058
11.221215304366531
11.37787189932238
10.922241973677373
11.086067757082914
11.089525834534621
10.763967932196895
10.749363317276714
10.968775077556513
11.163948604394635
10.625598192590111
10.725082420464886
11.13340718634082
10.865906412725197
11.103260531658849
11.076992152922546
10.756505769412692
10.617984702949643
12.1698835949384
11.460768643432786
11.21943872765429
10.75465039796634
10.848249596812305
11.07913076093787
10.840161056963343
10.635611489915108
10.738700983919298
11.099958968220141
10.632246109443448
11.31123247173483
11.320495289187662
10.979332666799598
10.696323760433089
10.835073930617696
10.659475764187125
10.85658440472321
10.640741817485814
11.35230600872716
10.603112091026698
11.119946322652542
11.399488690563114
11.524231242347762
10.834761675794255
10.509575374047962
11.13243974342791
10.629085811121474
12.731638576462768
11.494107439723356
11.28733940832857
10.690003708849815
11.675888438237426
11.258881681870747
12.461608436048497
12.170456970920156
12.198600863709958
11.840615365636802
11.13126604622737
11.161446703633441
10.5534968372589
11.32179337201622
10.60161889148727
10.66903987147799
10.849828788302343
11.08836107303477
11.710087667207643
11.145049715519
11.931921380585853
11.167233519198705
12.575968215011677
11.003984957330196
10.914085090750719
11.189118994430219
10.936813444604288
11.31771058169586
11.339540271341082
10.9504922474052
10.722424733559382
11.51672780361012
11.093749976462195
11.380443570488527
11.397967765626163
10.94219760366465
11.012947953654207
11.079997315312392
11.47813637099793
10.71132870847756
11.380965627537142
11.02625075584668
10.842256133188405
10.502580025049815
11.048057799489232
11.811329420289784
11.05021011554135
11.220390114001196
10.882578099628843
11.375790999292827
10.889880767085423
10.937121697609193
10.5689876710117
11.164964369057973
11.078820175466563
10.85382411840178
11.063432034148393
10.77806401549749
12.014196596029898
10.83475660369332
10.749742584929573
10.74931836615119
10.789559262505618
11.64886686867782
10.945869979882316
10.838089764956596
11.211301539416867
11.282854107583223
12.438510864730935
11.282796647533704
12.652939879307953
11.144773884980248
11.079477118388269
11.059819785204919
11.717260914216757
11.206464532267695
10.560382416357509
10.868847454522854
10.564665918062449
11.282294935455946
10.677576435679846
11.309621579621252
11.36898943881069
11.328777269318003
12.24298050593468
10.815575166278297
10.862107581549436
11.15076553098407
10.802012546022778
11.206971214654624
11.657032222506347
11.039124328120916
10.801687054333671
11.089117464482454
10.842380173567271
12.058696994306802
11.204748564533205
10.836126463505266
11.580781400935747
11.312209690592391
11.375139055179082
12.1273645014023
11.162578645924132
10.583231256601877
11.236199625615098
12.175395715482827
10.723276536938087
10.790474145746739
11.50483941855969
11.383101283960224
11.047418133403166
11.180318221748788
11.073337919384453
10.997887251385423
11.682694698169808
11.011450018594903
11.572444600893354
11.113676855451027
11.245234102308862
11.106806424260911
11.019287019095643
10.67099027062388
10.754452758258713
11.09943579781027
10.855517152254832
11.437667623369144
11.28024874978032
12.281410361743383
11.85418724080364
10.981432755900215
11.233965944512256
10.843868558647392
11.03937408949687
10.787654305730179
11.068544335561013
11.247805861751633
11.027268227098181
11.107004835509938
12.118505130722657
10.407326839466455
12.440157004260316
12.311522212539893
11.418547864220875
11.11397712708013
11.34703132561458
10.928178570372205
11.1669369345233
11.055277968520645
11.3728263173493
11.053177186498338
10.711509365027306
12.069573180255611
10.40260585433338
11.094241623649298
10.976357804268043
10.987643775378809
10.849302270513503
10.855403824458989
10.771402178771796
11.211761353504587
11.394497077644745
11.422073868632607
10.966330166147658
10.930472423635054
11.136192490244031
11.677420403358031
11.032915844506238
10.822197457703865
10.991614709697023
10.807694146052842
10.929079118418457
11.185921769100835
10.9396424367821
11.385992552912494
10.931702238462195
11.151465139601962
10.30533054972089
10.58626931441169
10.60517422482239
11.03673027978932
11.552179779715663
11.499749979002962
11.120390874289837
11.283644129769518
10.714273365471085
10.898254165903719
10.771121224747127
10.62181817778046
10.662630601628063
11.350047484665867
11.036267390255594
10.447536197604801
11.409787430036792
11.429259674081486
10.890482116746048
11.634331015534547
11.328254464023262
10.967232119295815
10.712870383674753
11.376695737116325
11.320326659085232
11.280050177089338
11.166718532608474
10.951677035580607
10.94145889901052
12.07096462471513
11.892017091788752
11.422305892379864
10.850251619058048
11.248305938001641
11.124384089334345
11.446720203431088
10.681974215517537
11.167193984420132
11.128227075877122
10.595335924964433
10.894878547554063
10.757119473294242
11.338162319332433
11.801528330391168
11.077011339355561
11.255977892221768
11.09525104845818
11.128574895576229
11.298964542521253
11.228798407009894
11.391317348406854
10.685014630483883
10.897965211559837
10.693280810067474
11.610052363842435
11.727311460723515
11.002437598479577
11.60730836557864
10.771426798060826
11.167679887720064
11.198639347440173
11.570176311203172
11.549795522721856
11.991354109643924
11.945826023152676
11.245271918067095
11.097323655867388
11.653516860381064
11.990274023026283
11.501206523389598
11.166302022701423
11.736752357054762
11.579046201519517
11.171212724268283
11.233873959088685
11.707220687488801
11.097527926406945
11.633200273499886
11.16226965238467
10.993941049286883
11.040671588477288
11.494258385839297
11.567433818217394
11.952605294794624
11.606980365617789
11.403754537281632
10.731267208691598
11.039869105345915
11.55465185716764
11.169223905488062
11.25939595505135
11.439346187265546
11.583688038402407
11.595474464139354
11.575890062737393
11.510584920970933
10.803658808473426
11.798970674612304
11.18243444172089
11.060901602405462
11.323417543485364
11.003969677826959
11.076932686564081
11.213810101561588
11.616023640249477
10.98669828504212
11.798096238969224
11.28228739882431
11.025729802452577
11.337550336849706
10.882815113565165
11.232329572621016
11.132609343342473
11.57244123442175
11.667993419066477
11.475977582799294
11.316393234330318
10.178619753270171
11.31130935928427
11.737402436363233
11.528682076483438
11.381376517555244
11.260523910482117
11.229129344300645
11.4498235749889
12.251719815718971
11.595062041539773
11.347246863380823
10.791843513904286
