10.694826168270671
10.75019998267735
10.64999946125523
10.781629148746733
10.836229093719448
10.654642851209383
10.874048464036315
10.802237400041305
11.008865512634483
10.539644503420574
10.87610608024281
10.538788588332707
10.586179015317393
10.943877722230223
10.66008995413908
10.490845735443624
10.3458969761053
10.700187469186092
10.979463211989815
10.857188635783086
10.442360846890608
10.60369259561596
10.656400518108399
10.662512213607453
10.869431939411596
10.07467294443796
11.691347109152364
10.675651259031454
10.496308101278723
10.41024012242761
11.026666401786267
11.693262839807021
11.206890147471755
10.591586489556427
10.740404277594987
10.637176499421248
10.56721076310423
10.582642965896538
10.852986810657544
10.484823402524754
10.969887215424924
11.553458224439483
10.337807374421768
10.516746809077604
10.912317325677835
10.668815964741816
10.453434823234414
10.36950320292717
10.83702125959772
10.730551385064956
10.738244001667638
10.652574974886896
10.939318998106824
11.352016981253437
9.863518892469706
10.674157049321742
10.790713481494112
10.389757272998724
10.958476380356077
10.679990939025334
10.691173996322854
10.710604414063948
10.70849430528162
10.364181519863802
10.716974899694387
11.852286455830486
10.415548198897936
10.784609245263049
9.876801544508996
10.289751242131006
10.40036606513246
10.32516389475754
10.236759823221302
10.167083918892176
9.877953293814233
10.076530352571917
10.162488058894125
10.45316698608925
10.505587948873329
10.676908110896607
10.560049299197672
10.395107035630138
10.159472885137125
10.839598790782423
9.884454639576234
10.027278058115373
10.770983484069092
11.043187843818512
9.81165441164816
10.458434254956419
10.220409803595727
9.89233526358489
10.429422959915582
9.655969257088284
9.941022247765622
10.303860259772035
10.700622282061959
9.633908999823419
9.929910893403992
11.66778181550803
11.193675535315572
10.395469935901646
11.01028124971528
10.295028408415215
10.328124371940568
10.83272429520719
10.806233839116787
11.191502584464068
10.056800641199528
9.898242764711407
10.856025555350394
11.05920777286066
10.266988682100463
10.455109803706565
9.81001895554396
10.462848408666865
9.63098666544598
10.867825764836166
10.330397018423593
11.456811870271839
10.342050826696742
10.098319448848137
10.909677365849838
9.416835575158427
10.729311148643793
10.58533323347244
10.447943397241751
11.018488887489532
11.185055948422654
10.408271501978222
10.598897512856386
11.174933987002772
10.46042589250332
10.419660093429732
9.93649885224874
11.411416845493143
10.496561464143182
9.678179235958806
10.031621932313657
10.222745019912008
10.355757054281364
10.722083586550468
10.853983592684951
11.131074257884643
9.865710018599794
11.594003779471489
9.191247859438144
11.526833436059139
10.687076702557626
9.16523869026784
10.396151964739353
11.090661874831227
9.903946551257325
11.338773505984072
11.190780631227504
11.167226076408873
10.827916260981022
10.313890962069673
9.26364837386057
9.929016742929132
9.666672170654419
9.493552528397917
10.088535198919939
10.864690021788503
11.124492140410108
9.780687541020432
10.008929464332518
10.648883748865966
10.405274512183688
9.869404198381797
10.68921793504809
10.985216831362688
10.12794497023226
9.90516779573381
11.052572626389658
10.379918788879475
9.415443766501614
10.371129882442867
11.388575930548818
10.136324316551882
11.319444242975813
11.005553293302158
10.919692595479644
11.052860254854462
10.294412364086755
9.24278887585454
11.201011397332454
9.176521814045964
9.339716895491737
10.333735216728499
10.22677291991261
11.58047348985718
11.418630361347041
10.71982801661129
10.716960510719545
11.74732959255206
11.672587546819063
9.500454267056718
11.053436542755788
11.586390784631478
11.157662400945542
10.480030237681037
10.750602782576513
10.943191487380506
11.507904698991402
10.794104350054571
11.241545438880637
11.053170763914142
10.695256686833126
9.993342264633341
11.161065868267778
9.335062997572786
9.381235209940801
9.510095026709998
9.535212536863854
9.488151233632394
9.664087156339864
10.9140132849289
11.002597479465166
10.809150152288629
9.502462470427838
9.606021912752851
11.118154140416319
9.795738193278202
9.79650796547337
11.046289110585004
11.08685593267099
11.342510494253542
11.104791395027826
9.444406337174355
9.450450237072406
9.374105460672112
9.186289663833794
9.054139309377248
9.424699825302906
9.02999220219529
9.412037854704304
9.505490245759074
9.48342447400819
10.18323006840464
9.728046397548866
11.146729865397093
11.20017313283088
9.567723930408365
9.321750430179053
9.436604716565274
9.79865768830745
9.119017604888016
9.769606856689673
9.80558803742902
11.30516587796225
10.402962831097012
10.540624556470148
10.617737207141465
10.410252230453608
9.45361901580851
9.826265550991518
9.742899893572377
11.116978260102206
10.803926906258221
10.776782437856916
9.204072432905244
9.569489670946863
9.649041984318046
9.542484841103692
9.693113574113784
11.063043934796404
9.58687590926185
11.500229154168489
11.227874937611281
11.288194190346054
9.386358634261633
11.093732345855194
9.82804023816001
9.80955184336462
10.728952751798866
11.28055104652602
10.969229656344035
11.116479981796484
10.563689972953304
11.340860995564698
9.611439022267687
11.185244184441368
9.415942711128071
9.928667299593705
11.017406885980137
11.044716903837072
10.950825804742351
11.127678885692147
11.393376869042022
11.089434635457119
11.179754125130161
11.069453675430772
9.832258180570966
10.946396503123013
11.145215313727318
9.941714234533963
11.251911810221987
11.23725754297214
11.099412778151871
10.892256418679468
11.718332448675262
11.173916246274526
9.852782722057922
9.706507532861886
9.662319692800658
9.76347817190979
11.161132353332851
11.236933834378727
11.191957453682592
11.09208214994245
11.229016466104715
11.274630626993003
11.166090781869656
11.209719252955932
11.786572039682754
9.797634631913656
11.198632830813416
11.24011219540552
9.743187996737822
10.67070651792038
10.230776307292276
10.317753194466771
11.230711940649135
11.09054361701281
11.332613349097022
11.328164559194642
11.09658597592949
11.67121462570199
10.738480334977211
10.736593652533614
10.87234275262456
10.33127005604522
10.684514801286308
10.741174668867876
10.801987673885487
11.41872683947192
10.484123882805855
10.618225810949356
10.466121165801809
11.457154075858694
11.46343958165607
10.594703570272422
11.082059839785902
10.8920899695495
10.942561994736195
10.989287698130905
10.612499418427557
10.8982945954436
11.022924813816225
10.934147089710502
11.209953981072989
10.845231000840961
11.475475292834963
10.370140232143033
10.554841708948242
11.206713819861495
10.72184131559828
10.912017748013922
10.983979866028804
11.155615971914097
11.28344177075988
10.978814921764577
10.478837466379328
10.812368225574389
10.898384632873649
10.756134095633216
10.791462503415426
11.118577377713136
11.036733310831776
11.298654629365124
11.133645274897992
11.376717911863583
10.940798102154748
10.995362769226224
10.335556065673991
10.507167463061721
11.008296150890807
11.205244109261985
11.052010876727524
11.228615725505422
10.581923623719362
10.681714104199921
11.008604127486041
10.75232285414931
11.632947718912497
11.621959786327535
11.152431283167882
11.293975765666003
10.645367490479126
11.163398090099522
10.805858077952449
11.287362866647733
11.115342969863516
10.544566568585152
11.28956106952755
10.582529228376135
10.964129347648806
11.324759065123471
11.183859665097513
10.751359421605601
10.78572554651405
10.765689063631003
10.735660048803057
11.279933878112654
11.185568234984446
11.270775107253934
11.297788115624465
11.011139331557132
10.765937772216322
10.423368970636774
11.085725692631899
10.464417004861948
11.200967964071765
11.151009775124264
11.221460348059834
11.318437307186583
11.225247863526048
11.245468531319071
11.337553995196368
10.961970073437614
10.565274210343649
10.403550193756999
11.28310787300989
11.231078329127266
11.22533939385965
10.907079637171721
10.987682209268835
11.25264558801902
11.40389139032646
11.269345784528165
11.227737062051126
11.442596830575033
10.680462243580466
10.980470029055018
10.484868553365374
10.487060703143618
10.322762920936974
10.99687561914617
11.46871265248964
11.171576223684403
11.193165006956686
11.257376963832149
11.094896547119404
11.254822984809877
11.165399129110153
11.211565444762076
11.464124773634175
11.211730758992857
10.97437741912142
11.182954677821897
11.211511299987723
9.99205760301052
10.326699626785166
10.783677767367752
11.3347941913684
10.153079332688765
10.79892697897754
10.41808973154415
11.187562362190041
11.21759788628911
11.286813273360771
11.381351894426162
10.592280449306333
11.136681145011835
11.042737014429328
11.283578293073806
10.176384040483743
11.174773097994214
10.405515699291875
10.190426247786558
11.219406888044453
10.461264802905816
11.374211838791483
10.541581586477662
11.197335189625077
11.334252381647731
11.090451594780145
10.535586208713031
11.244955997171116
10.24063002492043
10.280338080524238
10.086153349668235
10.715892147436316
10.557916254965166
10.619209397485937
10.327864313106645
10.368228158996043
11.410209279479611
10.704406971612
10.498578465794502
11.368667783707746
10.44979828140947
11.169564297972897
11.230039706548338
10.692190295793251
11.320186763420773
10.54068665494356
10.224100909164486
10.567543501390311
10.886850841238656
10.547181840736203
11.198842628804389
11.228122047595177
11.268179598777882
11.129715711930077
11.181406295361102
10.839423225933736
10.69172369940351
11.024603963154021
10.312781573595444
10.95249465902814
11.376856146146414
10.887350938302504
10.996273073189776
10.650895715196498
10.308108938058275
10.289984440327435
10.98609236580359
11.048646674979652
10.297106813617253
10.830147499959937
10.236020459470012
10.535004965451842
11.278072981387432
11.098708577988697
10.074513761950818
11.22157897599204
10.182764080368038
10.532758562182433
10.081622494798188
9.893960764171819
10.036161140619544
10.916050748000998
10.750241706611437
10.855844352358394
10.90261355253764
10.184653689770814
10.007535897286402
10.416808476851545
10.376541477378687
10.60669246020153
10.814947931533098
10.91689291943496
10.24082885710801
9.970961991008519
10.612226555200749
10.958933510132168
11.509206707729565
10.391708657592279
10.606538554436419
10.768215159687472
10.218882094593956
9.81714421996146
10.159708502173274
10.445910939407698
10.489918315817729
10.405452448534033
9.929348201748994
10.217589871607021
10.078546543253536
10.125244596030734
9.989916971012331
10.06301188414036
10.81610692105865
10.061790536875437
11.095100692141067
9.790075295477
11.494699374864023
10.781631676138437
10.094073734135515
10.528337855430447
9.877533040832468
10.59111306466696
10.016377494078187
10.483900145815763
11.071721897026691
10.456805073556387
10.473847353275893
10.581066185113198
10.54154141010993
10.037084277312514
10.229163166466826
10.558652163550414
10.594242516804801
11.105380214557979
10.581112788526376
10.547882184585045
10.191332334453824
10.284195756698956
10.048375224198884
10.840782928759506
10.814214644040412
10.168025840270156
10.512444097737815
10.262730155885333
10.495174217314764
10.264325933418531
9.589362129924618
10.07836957273048
10.230438002951129
10.831822154558068
10.70377162413096
10.545489165010634
10.162076823929006
10.741286804183293
10.377119898598943
10.511002904221337
10.802566912040836
10.573868133811628
10.259353050712628
10.592428335659942
10.683090114525566
10.084724952590877
10.919647209428803
10.091886262830156
11.004082021972977
10.425093124609434
10.714366242200734
10.11276823316151
10.163438684868417
9.97325773935616
11.022114420139275
10.613915488698645
10.806820594998827
10.143729277217732
10.124999346022207
10.601096038715145
10.000317186769948
11.609728136526456
10.589308732010041
10.986854643141667
11.02267935296813
10.62239894116525
10.269579995652135
10.17547728845944
10.464473162869012
10.666184611803859
10.795423301315543
10.476232936578162
10.547597241272355
10.532101363714359
10.768352059307023
10.641673434440783
10.42230369524621
10.54211209740293
10.624972506583411
10.455648157785552
10.348912683073959
10.109830434257603
9.892040731836603
10.152311580612778
9.965680645509899
10.700455919155889
10.788955746767195
10.919601819866557
10.856854756944456
10.644624929323623
10.840019627610243
10.735016227496967
10.585263373059101
10.15791911946564
10.485435481800593
10.42510026377153
10.711031063588097
10.323712099743588
10.683321485245566
10.819252970687074
10.745509117510773
10.730006095422784
10.692772464642768
10.672490128674987
10.501648717795776
10.815102956973194
10.154530534911135
10.69324361358473
10.65182408021084
11.032989908706679
10.934062796580042
11.051058962221745
11.159486362762484
11.242892768377626
10.409947293653905
11.196865010586368
10.026766943135343
9.998932651389117
11.101440587236379
10.98139585769157
9.956752334698866
11.046460004319728
10.137372152381015
9.84796467968687
10.294456698997216
10.177061811581545
10.528659877740951
10.456814012262122
10.56361945119446
10.638406261406237
10.63657566746682
10.279710844268235
10.41118277300965
10.627187871388267
9.99643818507102
9.79935590319323
10.479348299637065
10.564963390805623
10.273976144063257
10.162478524479928
10.384998024039778
11.306121129619017
10.298519517565946
10.752934555819408
10.35786343412612
10.086567035914301
9.982054865276874
10.20072888874048
10.591823708629722
11.184201370215836
10.63822450618765
11.009279530308653
10.673048895809472
10.94791470598088
10.08083785585469
10.878502277506774
10.797100913315337
11.135206619395413
11.589994199258756
10.326734546602818
10.484317910303014
10.472992469960454
10.23823571321504
10.666498743835067
11.778699313153812
10.48620319770851
10.531621055415952
10.098503479076623
9.878621493719798
10.482225811476306
10.798872728713715
11.020932633369746
10.356125372943605
10.516589977575293
10.367292785889491
10.300282350493845
10.689199145875202
10.931773236071269
10.263427366347807
10.763563520087155
10.871781009283293
10.764729253507891
10.947641606799486
10.836594750320353
10.718798775226848
10.831268634228929
10.816846507570098
10.050526492369801
10.574564183156527
9.972312620632103
10.090282380917849
10.210458571617435
10.073045691898301
10.401573990035795
10.494441032882888
9.891743836514676
9.981912561771981
9.895138460189358
11.017833894347946
10.96076373348574
10.962535763777947
11.315336160115619
11.152739831697666
10.417130563355492
10.724381569085493
10.422724886347778
10.904808543437179
10.504715579312332
10.26533055477048
10.967648383168669
10.52147161902181
10.59345881022646
10.4524189182179
11.337997217073275
10.728749095217962
10.64042469470527
10.569007349080557
10.87652706457012
10.311458578883506
10.933108666662779
10.732589037490758
10.689424984872735
10.661505724484153
10.787456877540274
10.80640322654204
10.963171975567434
10.351964972757962
10.002966883441168
10.511751534839371
10.092398091966698
10.324001493607204
11.051695998169725
11.157665329497409
10.676946567872681
10.428936269565485
11.246512737630548
11.275687240780995
10.436630036096206
10.311463839789576
10.804080089106566
10.19633866626515
10.567611594239702
10.389690142437106
10.099278211152408
11.259519756739245
10.419054812312817
10.833838566387202
9.890618515712976
11.084555242218874
10.994094496660498
11.005268081868246
10.61283687795099
10.506864257626832
10.732923605041815
11.077089910035934
10.175518700603996
11.222316347098873
10.513970035713777
10.869194467897685
11.30337856390952
10.654822472789405
10.287847153506103
10.317889090041067
11.21695981308152
10.30486247885717
10.195948568492199
11.342867203143104
11.100398785066185
11.160869749326755
10.217710527825647
10.580783323908165
10.269010344008498
10.744892403215939
11.0306359814747
10.821028302381375
10.786896412216269
11.196177980202917
10.228595918763908
10.132530682157702
10.551049932185075
10.531673913450796
10.338353689925276
11.426901669092873
10.3616687305521
10.354524718589195
10.577185481129208
10.438934655001873
10.261825869387257
10.843660788097456
10.83013940561132
10.193635592977996
10.798427769753356
10.788670533909386
10.532839612083283
10.835118961845977
10.801263061088578
10.905547432563376
11.007349451502806
10.852081609345644
10.71648733536345
11.092779705350386
10.986753690927753
10.299497656508887
10.237763389671349
10.542543168743727
10.99134636393578
10.843978850754647
10.784706553710308
11.125780831744779
10.788036651443631
10.934029346446074
10.79931214768011
10.547768462412964
10.989671983414864
10.707012813121212
11.1763030706937
11.299235607973404
11.18540454674558
10.78732465972327
10.399023035605486
10.190849365539892
10.675263167703056
11.193175876553141
10.54310854052167
11.218624488208919
10.087423348268494
11.181446383630226
10.368221957057559
10.546697738698935
11.06409686473853
10.871743166998234
10.60463967796057
10.035443778648284
10.581202331112728
10.298777829715107
10.950426358878365
10.418878332148847
10.518749702631146
10.451316751795183
10.750330127215776
11.183894528154656
10.961364186060202
10.914268437546394
10.694777118100488
10.67154230547215
10.789090917720724
10.872212202396792
11.027477036910733
10.61701816417973
11.172133231774689
10.32215909327446
10.214301295646282
11.295720215278374
10.563252919191505
10.811255529414433
10.757754142143853
11.009753807610577
10.309434162700542
9.936101114087524
10.41514898175581
11.139019496578129
11.192988544706157
11.092643924932938
10.298428950508097
10.249752103910104
10.983000060730292
11.283653354742244
10.161837162274303
10.287502913336391
10.484958919869953
10.55039065454259
10.350601459896579
10.527541850533678
10.293185368825801
10.641852611327854
10.544642508692972
10.311933036717669
10.316198605635636
10.99192238616825
10.784052340300278
10.721926509203406
11.409301166660134
11.05173211272362
10.861341534929181
10.829079070516817
11.209696072117117
10.800677386162223
11.173214032540306
10.613579887129655
11.140034015313967
11.062532150660624
10.489835148615668
10.619549731307538
10.924855101548594
10.727012750542434
10.6996814943994
10.232003018125596
11.062791668186442
11.075048201698507
10.708807842107202
11.301472468806175
10.846640349822309
11.253365708742702
10.713821769657049
10.81994769582989
10.269629001621924
10.299332375363349
10.229949626708917
10.79389927726134
10.79166605245521
10.457545796302009
10.897165155826718
10.739077678192075
10.572478634558435
10.51165330343047
10.229087649703294
10.366993912650315
10.415699526538381
10.326425452159816
9.96922738224152
10.642058093872281
10.849166936547716
11.103374480001058
10.649607743536507
10.159848032351253
11.126027827683583
10.874827295347671
10.961070854738502
10.409509116339557
10.869193932481453
10.740297232578989
11.291964281083741
10.866197977627397
10.430306195283675
10.71022292315573
11.078146150468664
10.164663905559564
10.680300184662142
10.63488436361855
10.85358722710096
10.42287606634708
10.122020897090037
10.142733584745276
10.569256762503366
11.162482500692034
10.694062501033908
11.474996012417753
10.01035325296963
10.727140364290156
10.013853141122151
10.685863363716223
10.68679232017339
10.330376997592056
10.345391218494836
10.288288658559882
10.668014185837515
11.020831840061046
11.006687137997378
10.96723343731171
10.875196383292877
11.029704715794814
10.539048803050248
10.673450758693539
10.520761336964599
10.523325853373564
10.374867827453384
10.71626561979805
10.464991812074922
10.427777643280841
10.411360647317618
10.3637676166812
10.11175554199955
10.865873971475281
10.403935107476334
10.72189326446688
10.590576534702933
10.675854865962837
10.793251591267659
10.828913255651704
11.599717996860509
10.317912666745885
10.898766932336924
10.772255689780083
10.514760878315487
10.427689854807223
10.439267535407543
11.457204767009351
10.723888670184456
10.872504971904043
10.826328191007427
10.769335174520815
10.854819364603502
10.870220319214662
10.755386248894776
10.465532191604122
10.50506322725792
10.63742142502601
10.473216847569393
10.751702467025584
10.680559574638838
10.0410130008431
10.629456474858944
11.180680775207035
10.415095957167514
10.572799280450532
11.125148700123038
10.520740499643654
10.92021927972412
10.947572937794781
11.092388241190097
10.336536006097317
10.157452908823657
10.46711579767788
10.779693732205057
10.556431981175882
10.472408199113861
10.555726059807608
10.54390941617066
11.450557714524665
10.536943751753936
11.150733323941033
10.718962125117361
10.233009661794947
10.713739929273082
10.767393437131098
10.746387701764869
10.791808554737077
10.74227697235279
10.738117298630842
11.056877087425413
11.063455297347216
10.719734304404644
11.28785017949696
11.356467539876872
10.598639002144687
10.260335622318934
10.869444940429537
10.760208334923492
10.853122584544147
10.361946456623933
10.5405548840532
10.978515730246652
10.137016571552714
10.50528348842432
11.123929465215113
10.644407608162666
10.788916936961794
10.218156592269368
10.7226811993095
11.002325954252177
11.031167263135746
11.098707847857195
10.746293469875935
10.568073992175792
10.775106924234096
10.983181797657004
10.709217857809369
10.901841535080075
10.754166548734032
11.230495865887276
10.641944073639454
10.734541747903126
11.162004870424356
11.26837153656568
11.157990410215021
10.331946629393853
10.724299571817692
10.444575562451137
10.219040660523996
10.54334041113125
11.031614557098244
10.705251199708913
11.057265310070358
10.380188933983549
10.371059998043407
10.330315055906595
10.1977227518508
10.301221639595058
10.981505320654259
10.538913084119311
10.519685758968084
10.965492179419785
10.287755534406237
10.60168571715321
10.305645791853275
10.602472908019895
10.259093367723139
10.417682834117702
10.893903119187485
11.009951186467678
10.95140145573053
10.40469478748597
10.418764242194744
10.07063659601541
10.384132981813172
11.30605091173609
10.867784975305703
10.644593681613488
10.198384810448355
10.249820141852368
10.493630284790022
10.392352135239683
10.437734062905879
10.654200724019438
10.497568411256765
10.426967809179192
10.376485003888575
11.111148595908233
10.432650807633038
10.798396045080619
10.260895859192775
10.911201280691369
10.702001721074426
10.487252974694327
10.35393071093783
10.801294421285856
10.687899920094848
10.49113625565109
10.694302586034707
10.245274144020016
10.593284339438341
10.561437317675814
10.301578807879702
10.546401287528951
11.350703915879873
11.08973998706971
10.650351903230304
10.452633876015286
10.686517006588797
10.238271173995887
10.592108368160229
10.266259704278829
10.382093081773476
10.987930052212485
10.425328695681628
10.116870244113336
10.59450410276319
10.39448019434478
10.455396399451669
10.595137426487213
10.391201971248897
11.153080162322029
11.00044866910205
10.461350848353597
11.13099346664068
10.577308098235116
10.453117534525495
10.746538627227958
10.665386091323658
11.242038165972543
10.911136652592194
10.513085073747709
10.7161164804038
10.753093388734309
11.430964275348307
10.446593172913833
10.7858673693525
10.320575279319966
10.47638957699327
10.467090154210405
10.429858129770102
11.00714933522428
11.074516686977864
10.654361748796717
11.047565574372472
10.370373249211658
10.259665742251492
10.79042648800094
10.575426702691148
10.759277975124139
10.521578588629595
10.57444702006068
11.210042341432272
10.5724457757033
10.515900216815918
10.460654057087567
10.63027883337566
10.711817563800055
10.404348929268037
10.59563732745179
10.306864756342993
10.705283970063723
10.769412546607185
11.02328257243627
10.95895817948123
10.88311015794504
11.060709799429022
10.487020982779985
11.044953575821634
10.918666201880056
10.307456646577972
11.328269388617095
10.610402313161742
10.830129615487536
10.366457376222606
10.676320798007382
10.577108704591696
10.398606915967614
10.660174966750672
10.547333844570401
10.568395368799864
10.651917195376248
10.692199672454972
10.695992964051717
10.94578399624454
10.477025652545704
10.002921261336331
11.003322562094464
10.762393730767936
10.1345304512006
10.65964221564
10.587986422074284
10.589381717282462
10.670565400666241
10.558876641752175
10.63000078825395
10.464520665677219
10.732183910461655
10.46714736406095
10.790462774853191
11.255895874362283
10.326340484262927
10.514356067703313
11.167268623600501
10.569494219110448
10.505824188148598
10.293345604739146
10.33806659080697
10.629454499114427
10.86570664624251
10.386749449272411
10.461262680264403
10.600417966401533
10.197550666660167
10.875704241131817
10.79281772426895
10.930638575242197
11.118625233530647
10.848681518890556
11.020967983043938
10.466281444299122
11.04365492482807
11.023125042754522
10.473440153218197
10.581215517930755
10.5091379587036
11.263460436876104
11.42470506764618
10.675079347382248
10.619081913224525
10.553482963226726
10.677230265329579
10.8076138649735
10.549765146474549
11.153946809261658
11.137768388077959
11.118616079181596
10.74083317361661
10.783455313146186
10.466483975088284
10.526852865106289
10.351492169593849
10.623360791174719
10.25023491606687
11.408149892288474
10.482513158285983
10.47803391066146
10.4777821869192
10.3397474903158
10.702505333615935
10.870553337842356
11.035061503205014
11.140081295459797
10.570350756137703
11.031062477064898
10.934782412752893
11.112351777431208
10.588797923088762
11.05477876469138
11.053483946939608
10.814095187336534
10.560829971615652
10.673619820842887
10.536685016719169
10.59755990113251
10.633610285973502
10.563452020439325
9.918338081610155
10.832602513253905
10.258695266348287
11.206223030986537
10.611038790521688
10.484466172469181
10.343008107697969
10.826827627637881
10.466055012266116
10.587516445656147
10.66849031537406
10.429508667842837
10.829909090428302
11.22646531936371
10.733400171621406
10.77099338179127
11.09981176601639
10.447935741091738
11.28191238375936
10.60937027532475
10.397367399589742
11.08486292422422
11.09724659498355
11.04733881931404
10.923038460845964
10.754145324370215
10.385511006116062
10.664055270022057
11.129954628684605
10.939493952692429
10.608798812283482
10.619692257265436
10.565106371856775
10.354246146464721
10.484137907005831
9.777628398916336
10.907679099250336
11.126109942430643
10.615855303883952
10.755415899119203
10.766557134087238
10.847290274527213
11.193773005187387
10.298899189181594
11.040508908618191
10.538864832030937
10.329003908088074
10.567688178708817
10.721839624201532
10.609562116752238
10.518265785222738
10.630518805943966
10.544740312971253
10.86165353449898
10.558012969318103
10.724028235372446
10.583283150346528
10.609349507581515
10.895864358952165
10.733826940401576
10.856840631443326
10.612745372449924
10.706143782071164
10.493989677559709
10.646363956593627
10.941611152835364
10.684453783618029
10.846663417354987
11.180512393420713
10.276591330037844
10.945025635949236
11.200696891454317
10.891554427087001
10.288802709130357
10.638815589884107
10.25578128255398
11.371919762983968
11.314766706838409
10.599823251554518
11.44363824262366
10.718075370635285
10.61591518024604
11.054921327056894
10.989990796741246
11.166476101801749
10.33219464450266
10.596550670085703
10.675719350525483
11.120416111209897
10.529350935281036
11.29280428685475
10.908659499398283
10.635077337406695
10.487817537121895
10.942129092038192
10.830141396272236
11.034350689272973
11.162317721307831
11.14239761432573
11.08129367785749
10.761666686000268
10.688498161630154
11.003122691469379
10.648583731673222
10.547933987954437
10.562851177488373
10.78221460270154
10.782017493978508
10.495946383600275
10.863677824853985
11.240984664995826
11.46898965918365
10.926971848528911
11.003918687126763
10.924833508163152
11.234530906644563
10.636550879956541
10.62970317110145
10.895898356490008
10.64860351959955
10.695171200153425
10.557536144359778
10.645986022443129
11.267130854094649
11.228151376379495
10.590861926549143
11.22831390439263
10.503802131956459
11.063987051484903
11.06406440741999
11.121879353599843
10.697975043873921
11.1003898143832
10.879480696391454
10.365905879427558
11.22470439436332
10.449947474707953
11.161211755413124
11.273234397709475
11.194629431374414
10.673326522228006
10.810071191183942
11.07935715215343
11.355369238565997
11.239850380604748
10.96016134949461
11.31024046258867
11.069423046066671
11.048791432944702
10.763915349122147
10.3684476382147
11.05901610595276
10.598696436881687
11.229141163668528
11.467911005277278
11.194666378645202
10.611912058930734
10.682790793208664
11.082239270023017
11.027774566217568
10.98879082746119
11.08499984265109
11.051490238142973
10.992453529089547
10.73508997249829
11.085496235543758
11.151057136976991
10.96996606467137
10.554730038291714
11.434052869456453
11.155101551481675
10.49128906861499
11.024899422539592
11.0223759516714
11.077684690691083
11.105492224044118
11.105920093873618
11.132990697913653
11.117139402546822
11.09280518528299
10.848614582073212
11.147600145603924
10.812757277721804
11.080918809914095
10.89747967479562
10.971404186894096
10.319803185589542
11.463579590807711
11.26433263591415
10.6626258843953
10.930013168046926
11.082133574335487
10.899392233942693
11.218294037569793
11.002536075526097
11.277857748986303
11.084603028379794
10.649160960349562
10.715463872519472
10.735846661450985
10.875331984829762
10.938546037199796
10.322280256529067
10.802291757904854
10.976392943553893
10.703712186722743
10.928836711960262
11.042260282666863
11.192189289385574
10.918102659625433
10.977315574841779
10.679871312502776
11.089317419623637
11.023720140394403
11.081506495396816
10.91037895929435
11.140790163028804
11.190695034343388
10.35775973970344
10.571324989379754
10.624201098789026
11.233367499569644
10.359358114332602
10.359105333700015
11.102276978513885
10.35506633857751
11.088216807092326
11.007714617399579
10.94053313313745
11.016323896922582
11.230252541934435
10.282593807582035
11.202994102878085
10.354662938458771
10.935222272260585
10.870288779311306
11.230425810811134
10.624494461403001
10.742710117015026
10.305341409790753
11.094502740620769
11.09620648104865
11.218375257510528
10.686347674810321
10.20145660448403
10.386682668703541
10.598635703405426
9.851957656341012
9.818321008716685
11.026497359023411
10.586603611609396
11.003924835908435
11.08370112990986
10.52936103234367
9.760267231115108
10.700412606056222
10.205267112958914
10.093753900342541
9.881549210502575
10.792260148993877
10.643187899188892
10.788570306707012
10.98660693792523
10.6557138692008
10.836118012907175
11.129489492576935
10.683541128730566
11.26552297619121
10.130538622996143
10.612656873406252
11.256085450181255
10.643804499276897
10.793410997867209
11.249059940078977
9.814445894669072
10.59040874935394
10.66762611235362
10.591431976934677
11.250009030557674
10.412104583124801
10.647795439452347
10.636752449486593
10.614951936083463
9.872924734977282
10.828997748782902
11.051901815245913
10.012541343442814
10.645573244506869
11.237243500666503
10.233984541441098
10.562633849127566
10.634623959821216
10.869399068873205
11.544021089340267
11.058796974283759
10.818001456532446
11.000700641537383
10.386025793701146
10.811580989813528
10.886489642545047
10.72417671262896
10.911704595080632
9.947859714440812
9.795391587313764
10.580242014202184
11.017077573263805
10.09395642325804
10.902772197747009
10.303509948387669
10.15718142218357
10.607578858614549
10.54515632052468
10.630978825044663
10.817761150851608
10.597883379389096
11.112659989134043
10.847926762550818
9.915483459094597
10.550468251224364
10.804176003935195
10.923142080823686
10.638375734989447
10.43906372438421
10.068816261506077
10.59342302522627
10.747121539837723
11.016409881535855
10.678723301974738
10.48763141051033
10.91806082446836
10.083703627513788
10.74452369363478
10.68912653594127
11.099271877697085
11.062313664165018
10.49144339932855
9.980837060793345
11.231692584312363
10.650693105018993
11.237698126508928
10.719845036177205
10.80453031556012
10.808212120479494
10.676558700040912
10.585329088272344
10.180053516382078
10.937861763955901
10.869263379167958
11.30415519849641
10.830472454534068
11.036953143460957
9.98013817787217
10.52598203132247
10.393933921215085
10.715224082593469
9.925771434554347
10.957322144618173
11.005733264694932
11.419331447307497
10.49674324610371
10.426212270205827
9.976448205095538
11.005974598415577
10.130459321584445
10.871189799061215
10.573140605838029
10.092016828300157
11.210175108089064
10.715669041846287
10.725668003553706
10.259648161823186
10.893876417446107
10.798986943870167
10.778128811963576
10.749524028107922
10.111458623090027
10.545699991391784
11.6715428110188
10.698580895647893
10.805733020302409
9.858327605052075
9.942340172325155
11.206561675462297
10.724694490173647
10.529044722150534
10.74181299108616
11.346282601614943
10.338815961094353
10.67681788755103
10.131282869106524
10.230327865997879
10.976050995136239
10.974982596969724
11.14604143698953
10.957347518400859
10.662687789915358
11.172698423914614
10.648252936269719
11.334911754270612
10.873707100654284
10.1422739223319
10.714173595757094
10.354439241540053
10.614705165860785
11.303570455159413
11.084482692872024
10.807358196639523
10.206920517924944
10.46396510379105
10.659752379196519
10.629346225510005
10.163917780777492
10.99183288250519
11.464882358107022
10.25161732399325
10.56975619234193
11.014949772990372
10.822693867406878
10.954102622817727
10.801064801386765
10.41764694237214
10.876551082917304
10.833746259130654
11.064354696370298
10.8332951627701
11.027616921360545
11.072607268000484
10.797990491748335
10.25600071341966
10.090592256260273
11.118666072968251
10.887013076761948
11.111885534208001
10.749323729425718
10.85407672645025
10.91294957476127
10.41101921666516
11.199527870127808
10.134617592304053
10.835292151944227
10.90339561935169
10.912485281069825
10.295079839741355
10.997961576463714
10.942154252037602
10.906597483966186
10.851912519090817
10.74192114773686
10.525924964890715
10.60704059828205
10.90936693747179
11.374057057658959
9.914989245573441
10.497946600942676
10.1210010819491
10.433302262277609
10.995162502828903
10.884225779041785
11.019830146175677
10.39503401419161
10.6678718115504
11.038364609285342
10.328325725100678
10.327244885819756
10.51789536431875
10.307317545830099
10.382942580373243
11.381800526145852
10.406524684653549
10.645654080859478
10.883469336799095
10.881122715314342
10.72108341692972
11.560290624718322
10.99571426365172
10.21648743758608
10.754564783493562
10.408512754718906
10.08786638882528
11.60043915314919
11.045690533602897
10.777639640538657
10.483886054037272
11.005253080876841
10.828307159528196
10.184857877895523
9.778004057520665
10.516888609439325
10.07464965443646
10.18607200581043
9.674345288196164
10.418813679624312
10.878994742589596
10.877862326853931
11.810934431645142
10.313411272368857
10.40236905676882
10.092774708361924
11.127227249729394
10.338829626579344
10.486659569437409
10.459931797786412
10.501280648458353
10.462345236518306
11.070374340850083
10.803963612682491
11.063348982835484
10.120456039750334
10.569058152283494
11.349379834587854
10.258447579179364
10.583570065096186
10.843643088885997
11.286050282945949
11.341864248870078
10.370776998363844
10.425253312210094
10.353789930560977
10.662657991879298
10.478320307506035
10.056097070321744
10.364910829721977
10.480407685977958
10.49988362361009
10.115544700017045
11.312216493949945
11.018730680914691
11.150667016750557
10.975155861550258
10.727035128017933
10.431034585741529
10.52825848766871
11.051796046823226
11.05246813204491
10.700699598127253
10.6493557007443
11.43133410044716
10.493295170092706
10.208371754956715
10.015898153259355
10.144525440065996
10.099118267512106
11.196906020906573
10.604617122984745
10.398315320225496
10.601724800778475
10.585093653905579
10.632185210148734
10.783914009976002
10.142176714026194
10.582690543864954
10.783665056630118
10.522305714948532
10.54487768954261
10.256814147802821
10.566382227097431
10.451694902132802
10.629149829061095
10.408009808333858
10.308135629857754
10.082992518356495
10.429861651542556
10.631620366503931
10.82714921427123
10.356548236038849
10.483199117050857
10.398795718595284
10.28526287067879
10.284804628067102
10.587142013727743
10.136158817879497
10.282021553251713
10.555447062194403
10.133594780720655
10.506125371372034
10.41332252715243
10.634446770325225
10.413616759291784
10.13856660456912
10.419780046758612
10.618900936570078
10.875976403689698
10.134930969128545
10.174291992832435
10.844024929889324
10.448445069576382
10.417398708526107
9.988811022672916
10.648800720292895
10.736017470440142
10.393327480887335
10.554856823249587
10.35327118464349
10.510746513658615
10.282840451373657
10.289188742860782
10.5112366255528
10.389796630633267
10.644915595354892
10.559442809977256
10.366416810231872
10.303166683340008
10.565815825845279
10.131844675477936
10.15269822017745
10.488203472664019
10.742672883963081
9.937321445968863
10.317911045555263
10.487602794885273
10.427346949458704
10.642043854832316
10.455374594784779
10.195500878079717
10.380068389121089
10.301671644573197
10.22931012024639
10.230833277819938
10.610895981710692
10.00294394589114
10.288973350737715
10.124900582940795
10.590926544553083
10.64664932796722
10.378083394453347
10.442948609815476
10.732213801299961
10.11468609383265
10.463063524072329
10.40299596329037
10.681393518080856
11.016364671912683
10.219882491857911
10.449556448531057
10.48119969834852
10.783825573973008
10.602174705369324
10.468910343193912
10.336116733107865
10.02385612450116
10.250446845084944
10.611286091525796
10.912595318585737
10.165932772833955
10.414455344306948
10.198827843941395
10.604457472545766
10.20331894365218
10.685504290135555
10.343618082842196
10.702000380756305
9.931063434353026
10.412630404813642
10.455298178430526
10.129333628836983
10.385282861721107
10.090363969674502
10.23254546681784
10.223332820069299
10.55720813349176
10.565370233862847
10.556182875150194
10.433608002146833
10.373447523770473
9.93029848685277
10.596566822045917
10.365606380915484
9.941415236631087
10.58974859373368
10.13068390405276
10.886683247493648
10.106195462712718
10.326869408482935
10.473815748943585
10.26195624478286
9.777342275835904
10.325538033180713
10.104794162051961
11.596259079246876
10.63417159370928
10.429681105027452
10.431967451416156
10.290523379016335
10.438386719866816
10.091031343526113
10.828841549622684
10.465729961326767
10.35852839533354
10.295358868481047
10.3570298889579
10.330433145290153
10.561887917561235
10.02508006204848
10.443950615485466
10.512472012654639
10.64304747777514
10.784355135329246
10.316250366212026
10.116009250363847
10.528152111772638
10.441770006133364
10.531385865421711
10.285234042693492
10.676474147584281
11.050977835741525
10.720608622116352
10.341797577563751
10.635236824990178
10.628164876531171
10.747836032457155
10.593523714453616
10.95398861439992
11.11276687005705
9.927763895279506
10.18182725955067
11.141508418606263
10.040966354519245
10.808215390115166
10.593727701925944
10.14932432905241
9.903984689931129
10.384441303822635
10.181364824595015
10.443517608886701
10.33943721070971
9.860116786221495
10.582062338577497
10.755693071027842
10.193067869079922
10.139708499962527
9.8597547010207
9.90512697807095
10.146074411201248
10.207984616205444
10.51088074701952
10.019146360562509
10.13121611604378
10.008567566569686
11.474336295173035
11.27965859794288
11.23346227500115
10.591873335999153
10.334789711351975
10.111971870854763
9.87505976241948
10.508328163669011
10.410249151181564
10.345258650925269
11.196250867429898
10.199452730116887
10.2530213007589
10.049713549169002
10.325661830242108
10.22307448845821
10.35623497478539
10.250140147215685
9.997105220761526
9.956564494040748
9.5154738831567
9.290665132943419
10.362761192446023
10.402449743526129
9.620393809510572
9.515218325842875
9.810657588913443
9.689828858009438
10.388345737792413
9.506951922157253
9.415064298794862
9.901410191655625
9.71265881335475
9.430026270382967
9.699448219337501
11.232108090629033
10.425951127540614
9.144165879562037
9.68544308058874
9.71522708170809
9.41813322417292
10.94517648419569
10.10602387744207
11.198420100496122
9.908928877250156
10.21003598118208
10.331385263381197
10.298978087149827
9.918425305394267
9.501479854028553
10.246848345609601
9.417678595212907
9.851630393405014
9.441398757342245
9.751378005893267
9.722926502835897
10.217988867339987
9.579606432906118
10.696447054061625
10.654735977507185
9.7472766966953
9.85615716902247
10.821219032162023
9.953267480250807
9.638427114313624
10.062100934494016
9.986626381609717
9.859151431174283
9.645631467347085
9.850374524584648
10.02118271554487
10.166053373851272
9.761236350709611
10.116132447316884
9.856468254457127
9.772140585475832
10.147368820178912
11.502369196352133
10.696530059925308
9.862600808790793
10.614097873558697
11.014101554222135
10.825776301588526
10.79661329349826
9.918612444965056
11.650094360496984
10.118550974091344
10.785781692979551
9.889247006826283
10.356020868022338
9.447767592298948
10.122987827518303
10.085291063839165
10.163697707538304
10.210682707485065
10.597832528583275
9.88361247080826
10.788023888900609
9.630998326048495
10.107490594619803
9.67043066432388
11.232592430924853
10.129077497017509
11.24222628826048
11.768644455254922
10.407197348500901
10.107016102563184
9.79921191852105
9.88776443626465
9.813865514830457
10.228203993018077
10.05319481274603
9.89916907783351
10.997050204313648
11.464918756221774
10.634115311336858
10.028421040500161
10.245657702261875
10.251524522854902
9.926387422187167
10.078129287121659
9.960376950617642
10.224500637889413
9.622665663216301
9.893187744759548
10.21819454947141
10.38759605292523
10.186557534617505
10.103864623731681
10.902279072690401
10.03744054346136
10.526800626727098
10.626756171279542
10.329316907661928
9.811676193845813
10.699731617014212
10.23614206485731
11.169699506524317
10.124295700056244
10.149672854581883
10.395917818706652
10.134690594212488
10.340817146922502
10.480928024377999
10.012243846820487
10.006203752604492
10.29708341650343
9.999235397482066
10.572012023331327
10.102620907697265
10.417796270525194
10.74916597282774
10.267277216465802
10.200860686139462
10.339184796366814
9.875486759531235
10.317947115000358
10.302097082668372
10.395255796251321
10.565583560646761
10.226411121310141
10.463045333719064
10.38900024562299
10.338401297969423
10.352317346285446
10.187457005953993
10.305819334650685
10.230788290076001
10.506214554275852
10.177335624789416
10.22377882570992
10.389888577382214
10.49841068412017
10.836878257863196
10.219904998384097
10.297701854846256
10.441306148118729
10.265876899719421
10.692592299216118
10.508097516342525
10.519394406754424
10.112450967090869
10.227310544985192
10.514985902596218
10.425816253277485
10.318919900387314
10.115464034095906
9.93083947124314
10.280415904556383
10.552971071374833
10.056739285952519
10.831879689642172
10.39763884909041
10.250387258420588
10.323045094059662
10.439976115256421
10.477008917678027
10.933606765507113
10.688611119714805
10.574276130096779
10.151179467635291
10.22699546826358
9.831601113110965
10.493748308190922
10.704468378505815
10.184661113398427
10.393832688512084
10.355422585329288
10.049272589242825
10.737346513018233
10.448760137287673
10.860847455313854
10.690483002466141
10.250692281336912
10.478700285509758
10.469495101616715
10.206706562141834
10.562081508484567
10.172848751432758
10.723171602912196
10.527405402563508
10.743012364317044
10.327651082510192
10.805363630629824
9.94056622826434
10.676453489624109
10.949598558452843
10.692553104422986
10.97297680956531
10.415192075565672
10.082820935679838
10.972474714376506
10.253998251236984
10.628446862776759
10.697940896869842
10.260549507321983
10.013856325739448
10.576400464167225
10.580964632012725
10.283694679735481
10.694157802526579
10.405521902128935
10.939995211916
9.883778822785859
10.5197119276521
10.094681592953838
10.61758364610923
10.350582264259975
10.75442235124879
10.209177317354584
10.712403419554363
10.527631072151161
10.535926366912275
10.949429379615811
10.18092728828047
10.63445779073299
10.450861905483178
10.653750795425593
11.448251018259723
10.23059315935143
10.64032524135721
11.093273039985943
10.52141314971833
10.469682557302082
10.925493285786146
10.644534886035165
10.286025290086164
10.33429058291231
10.421668482484304
10.638465407230553
10.903645903921127
10.679206564205105
10.34171945497849
10.4556826722668
10.616153583435015
10.531861173890537
10.945880679396812
10.62391902694484
10.367217841853648
10.512533872926323
10.489800659585901
10.645425979649968
10.570825432713068
10.418991756243088
10.548839976855813
10.657863886698305
10.63830323523686
10.708915196093825
10.95056503760216
10.109277716758927
10.468484259098252
10.714233644456748
10.674471078371496
10.647485588169175
10.535144856405704
10.739646873204014
10.400706034455856
10.792471058254081
10.674396439553966
10.825973494507638
10.810796854258255
10.725370290295901
10.227826521525962
10.497841621844294
10.604240655483585
10.86404609489361
10.364900162876884
10.912219453667081
10.275670481100516
11.59488224386856
10.118891716084521
10.53046848097548
10.463583181225129
10.346473016912489
10.553375578130604
10.581807774231157
10.702729531639408
10.239294959784292
10.88210757960741
11.034814182239305
10.597525258867195
10.64191408429463
11.08953593295994
10.28426741052516
10.792188885574983
10.552154998293894
10.804347147754262
11.051485407009823
10.904971011576638
10.577554667137365
10.310474212687497
10.385902455496428
10.39479743739137
10.681315391135483
10.649211236856923
10.634510357828926
10.212031132860101
10.877110056533104
11.00303752691017
10.881430625835469
10.647180858065676
10.95628175226285
10.903096779579645
10.568855838349018
10.576875353096918
10.782373298229654
10.353267633691297
11.007840081864948
10.528131377683765
10.635423277873137
10.27910285197045
10.735358404536793
10.241547085161594
10.549340540259024
10.261912347277566
10.134560548274088
10.881119457846385
10.589544590500306
10.783551339147275
10.235881988038845
10.181426742830599
10.795319878684364
10.878156935360085
10.848206832916055
10.628871660992818
10.95288631040512
10.287094171491066
10.52505920402076
10.510113391499527
10.574805210122046
10.303353917950414
10.56054292258008
10.735481235078101
11.063983409530723
9.817656079006762
10.501845209858068
10.68115597399256
10.16659891398941
10.53631465450631
10.706764365625684
10.536597357514935
11.120283365449453
10.638785670939068
11.023667962309164
10.353347947543012
10.566641086292245
10.779748934666614
10.675943121840225
11.00034072474476
10.741904105010184
10.254969143570552
10.084517976187447
10.518894203703878
10.77991327279045
9.902551572168665
10.490112757087426
10.856240028545999
10.7229443888105
10.520410263552234
10.54359465622905
10.77988783050409
10.098871646140617
10.49296389309841
10.3911644303927
10.334340044202037
11.058134104278109
10.90691295498832
10.319179879529623
11.10907894122616
11.052136885126748
10.201242128664203
10.808379810227654
10.262134881957879
10.525672433585083
10.907570491041403
10.589635859703236
10.837335729379294
10.502567486705036
10.812313548785594
10.318965614747443
10.71808964519681
10.920088963999174
11.138076456286559
10.918196869872808
10.93933445986139
10.828441412148107
10.939180147918131
10.882747629160745
10.833765921647704
10.641255566456282
10.833603151678965
10.762273938696477
10.76231399847276
10.817148665660635
11.078037020867615
10.904699876346044
10.606407297396025
10.892680224703119
10.973652098114728
10.866956831609617
10.774395047436878
10.926228678135045
10.845366853597223
10.775942189117462
10.970139215540597
10.876859038582127
10.93569793646207
10.951648362421984
10.807569359702548
10.654415481053476
11.119572519425116
10.839556620600337
11.251179050309528
10.690245981219096
10.687123301031173
10.622450403135188
11.135616758577326
10.778761696616534
10.886967909904449
10.894657827753516
10.740891875010364
10.972974270080075
10.788709098668747
10.720074703622341
10.903950108992175
10.67071765172097
10.922646997131075
10.927426481391233
10.808442417878538
10.694917534871648
11.011479538166073
10.698843479329296
10.807093363427574
10.746226908114355
10.750115886642655
10.726175953708552
10.865378092810722
10.828303469075976
11.110231855313272
11.12231963178297
10.618685033507896
10.662166077071204
10.833876905925923
10.730994717652155
10.668154787998047
10.977624231374978
10.858292179669656
10.830969526063004
10.679805963212816
11.081714948245606
10.519493863842932
10.99750426643271
10.80187758750805
10.656487748546867
10.923582221771902
10.70116428822169
10.856448191471667
10.761098720921867
10.788782015761015
10.762700208112586
10.890589780997212
11.022422927172729
11.02768588808279
11.040847682739093
10.912852265467972
11.06227487542865
10.784124807079651
10.66749271094308
10.943116213208492
11.293493444012904
10.716363010834014
10.279289379492893
10.825302631107528
11.147970029418468
10.596713803579327
10.732873959439205
10.846358715492162
10.745749747737326
10.869263513780139
10.97871001402254
11.064665232930924
10.87730138308307
10.956634281986862
10.720021038759787
10.746131579293095
10.777941812910436
10.856634038397228
10.796930765873986
10.869505238066655
10.886835123414468
10.690294225879436
10.96722040841443
10.84477629669235
10.802735335454887
10.94752934873191
11.046465419485825
10.90816838259617
10.902904145862271
10.844557024636607
10.850824093000263
10.894876534117435
11.000194184534175
10.851738502764253
11.172838815354488
10.659488188980912
10.730344145588358
10.730031171247935
10.875403034914592
10.76716971108021
11.069795215942763
10.9033974701958
10.921836539876592
11.041216986742306
10.831576102720408
10.629158843967717
10.913704450727964
10.62414911802633
10.92825991348165
11.031531385242145
10.880806516323572
10.923813367161623
10.709273181731803
11.087955602120402
10.981885754185956
10.673228262499984
11.084941885643465
11.082345396832856
10.633174872004503
10.847547815062962
10.939327436770133
10.638902005906642
10.835215671826445
10.88067251233057
10.883977499375316
10.76106834330094
10.775894174003424
10.92072575923964
10.667441994925529
10.688350587089227
10.733222175606445
10.772420929588803
11.018794672643578
10.963203929627566
10.656737771747709
10.821665254925508
10.586099977069996
10.827148157050067
10.968842616686906
10.644264565631909
10.72239084028266
10.568396604941077
10.915283868726133
10.961500614226416
10.771782767530597
10.940925615513097
10.572546952757211
10.857704935037171
10.765528278355465
10.514208715390236
10.67288075938743
10.493094916972112
10.703551640600795
10.963830889152243
10.835976223116146
10.551541682323347
10.591746402382478
10.798232143003597
10.820058217249674
10.81176465972415
10.171349906593212
10.228102680799973
10.789540335687288
11.002397625753984
10.977545231742829
10.59948931243378
10.548786181178924
11.128073946332998
10.53812901128147
10.56699303807512
10.87906037128886
10.928234763956084
10.902241999541438
11.05666020045844
10.749287799424467
10.772507392671823
11.111687628746276
11.06573576222187
10.784132366378174
10.795587130810684
10.815476982955833
10.971334443411891
10.794691614402465
10.61869082237123
10.652292779708382
10.86058730698886
10.59446491652129
10.74010541143714
10.74430265358886
10.70802721134725
11.050608570088187
10.788127064450114
10.360635820778098
10.642072632735319
10.918389953515764
10.856596577107977
10.663090472710186
10.61272576058715
10.626084854846733
10.69332864623494
11.119715163792076
10.637778812802011
10.5731085216106
10.435022190815356
10.777607422405305
10.858667637377
10.57900667405747
10.83326642470048
10.688589267697889
10.301447649300828
10.953043806976002
10.324077855229575
10.7432545611176
10.707792949438769
10.39961291203997
10.825610456943618
10.352013126136708
10.673740870884128
10.725331222236264
11.021924919036188
10.825423965769833
10.660081611863855
10.484535795972496
10.228070983550754
10.617977409022673
10.462598497949607
10.674983996318035
10.178905151800015
10.576417704986014
10.847446877643279
10.889871668932761
10.67836489755863
10.560844349469116
10.740880792336311
10.703234932413059
10.700953541945346
11.040598951587297
10.802971339536253
10.675557442595126
10.618263322161942
10.061052275925347
10.271035945826489
10.489201057106841
10.685698689648975
10.80443411142794
10.882830571577035
10.680187132167909
10.473250590551443
10.47236879139735
10.808651943194036
10.489277240170823
10.600722124954066
10.836938161179082
10.729900943236087
10.545078506111773
10.836438219282718
10.788159532768836
11.05519700999759
10.598990212305976
11.014564846530666
10.425872101040135
11.006432326080201
10.745683348219522
10.65146976775756
10.701529740061252
10.438860326627797
10.66499230911455
10.59294346476872
11.306665056477907
10.764885802408104
10.645455528001122
10.6587963476224
10.66382789448278
10.451244249829603
10.628022891033131
10.651951901631055
10.601540016269846
10.249790709865039
10.720604698393927
10.647197421676463
10.832534936135614
10.707823019015919
10.65831508547645
10.818506476179657
10.657992609644321
10.828049419419973
10.591812216620436
10.520443054504087
10.592314697096166
10.626939205707359
10.555179880678134
10.918219463633276
11.07843156894381
10.569771988464165
10.53419376826872
10.633450604070033
10.419222299420813
10.661399652618108
10.807581253553305
10.300235391575276
10.846251877656144
10.289086062164113
10.673047196599587
10.402017795734618
10.471375397913597
10.517345638485894
10.4296215288004
10.564021900086457
10.283617979061779
10.591387328654504
10.769201895280727
10.639532545828642
10.772456615205204
10.564922416524935
10.41185957651198
10.970604649781327
11.10764787327189
10.480065790180332
10.850471752351163
10.616892280044055
10.588927762650156
10.881172681810527
10.65372386347963
10.658049905028015
11.531200739006241
10.001503460712737
10.788103149604368
10.432828835571183
10.827409062519019
10.660361594869011
10.462573970174546
10.467987998347974
10.552209116640627
10.361348361001847
10.483984056955292
10.282695024964214
10.492074680183576
10.407611777181396
10.385969029731653
10.570893019642945
10.301440063989626
10.612164222084528
10.606675142840784
10.504240315874021
10.756185155753144
10.602683631900739
10.838649387282187
10.735869805721435
10.808941604705058
10.809059464235753
10.817231630376854
10.795707080459465
10.266944257608483
10.435940004549796
10.480373988552088
10.468209177405763
10.715128972849888
10.366402672777287
10.875199855909703
10.580203710650684
10.674868135786717
10.538040770729529
10.648808179982618
10.48919746093986
10.624297173037688
10.844150742934648
10.718402897873125
10.639425029526505
10.317588052452423
10.609674501097956
10.862452561231533
10.661858162657103
10.861202674696726
10.533330956971664
11.148566708249524
10.622836286162704
10.684331298134751
10.726054932722928
10.508368290619995
10.560482701364304
10.470573284554538
10.83893305307157
10.559341214457918
10.289015821706068
10.486129886374004
10.32820796181677
10.600918611109492
10.986027425718014
10.465383027673552
10.382051982721421
10.395379774705887
10.69781085827694
10.47725028394019
10.679334206414799
10.567607352459985
10.9942130178602
10.844106720220296
10.66624021115931
10.511227389656417
10.793512871433862
10.574215976340096
10.34691806590803
10.763946227067073
10.620392686682214
10.578597951419974
10.144996533710616
10.763700107671742
10.587932473034941
10.459798729108655
10.458984408476335
10.605434003919864
10.261086759478912
10.866271929910686
10.7150768870428
10.961065639408568
10.621857326945559
10.459449323502168
10.603085778630785
10.203318644667824
10.76172272833263
10.721307937252776
10.42230150743078
10.477390087168839
10.311237918072555
10.414125527239854
10.589848317973168
10.599391323637397
10.28346474335927
10.415048763323094
10.22972634096465
10.144957964407741
10.576422224066405
10.02468507343048
10.399125377176249
10.325368338945658
10.49612180027967
10.528058510501147
11.018821972172793
10.037257174722523
10.54952670553329
10.738131168666323
10.499567723793849
10.422396067436654
10.269480012519054
9.916306690504504
10.324122030377945
10.6697173027513
10.4554495779864
10.281490868523276
10.475514947995341
10.380176592722673
10.567038002499425
10.264937109137982
10.354907395596403
10.286533421522373
10.333507610481085
10.598820004122198
10.639514058258213
10.979512705755614
10.661572515765432
10.568285711889027
10.57846225160636
10.404483615614401
10.531048809046114
10.513797819041628
10.567379371283963
10.625464720506173
10.49712000646926
10.397215535594121
10.405861217160341
10.436260560840637
10.671853907379901
10.624158841439638
10.307804103797867
10.582228407228959
10.515165831350739
10.681997049302066
10.524384316685442
10.41542001799764
10.709951054789856
10.341686024759083
10.220434479559975
10.27789260779744
10.452358960391283
10.595618262385369
10.334482033507467
10.515666831435215
10.465037708305783
10.759417049323432
10.796055979511847
10.69159856852322
10.3862734556099
10.585631867281498
10.62385245282202
10.542790741956136
10.441301314487577
10.114009059287511
10.80673067130254
10.552457021738498
10.618787000869865
10.397396010839774
10.552027689827085
10.834970303954869
10.648761329250508
10.80317829079561
10.228041594739501
10.678320014850883
10.909605667521523
10.699871676745135
10.389589141559734
10.616560068129841
10.717482333136909
10.50498238170318
10.868271752852529
10.758248221320189
10.799892248177066
10.340372415381122
10.733267053561777
10.885577983778003
10.8309866179556
10.755684213931778
10.853534085864565
10.79432469880989
10.869131889229488
10.720690409708375
10.63688175739115
10.544166097244338
10.580779102383653
10.847256150765663
10.566954698171214
10.716119153610506
10.626880065245574
10.712382473270836
10.631773911826198
10.773029724059427
10.958749469290764
10.579812862027783
10.702271146650853
10.638468778734643
10.382539751507084
10.513912686539626
10.45122978537649
10.907294008162875
10.614187035990408
10.402279981268997
10.306498418401947
10.777533568226737
10.699158172069428
10.636085649952621
10.480528219879012
10.422984239209038
10.87133209849992
10.301854766167583
10.472610716966297
10.303555238856365
10.364310277410732
10.545001861337177
11.1042360629947
10.497820030919069
10.70320459774304
10.594771288142955
11.067944129712235
10.753032602407806
10.591333115311615
10.414086673034472
10.323453673522145
10.59570365414263
10.551298661793917
10.457634035362098
10.422006416761313
10.718122742017641
10.47111508633998
10.935411613310416
11.06162192742436
10.582865046100581
10.604586560927089
10.811417445089685
10.625669778631412
10.704942423072099
10.422785886062885
10.122391598633348
10.746585266707745
10.346512603253199
10.689719663506526
10.944198685911
11.456526668708861
10.54480949955194
10.662958219962482
10.583122293187408
10.667466141963466
11.160317175012391
11.013030353058594
10.996926525903127
10.762047340979587
11.06779684885002
10.570867750664213
10.499977639428995
11.196191066859626
10.41390490288661
11.327288940106925
10.495344444861262
10.252081034251022
10.890544781184397
11.157605677481108
10.455459911388974
10.659341564621624
10.961425866026834
10.61897542317653
10.471147968806816
10.761339500192825
10.66924538352691
10.761119537992872
10.85608478398042
10.62845365769525
10.699969939254744
10.173685004169467
10.715986609901117
10.249997198795512
10.582346708811052
10.418461421177886
11.235720663782171
10.930149305028348
11.343749642835425
10.47364116411082
10.522968421737906
10.596806963411819
10.657128354040397
10.514144590084166
10.62822324407427
10.576231775982958
10.30565637133765
11.062655812236398
10.424355040103542
10.5240733903367
10.675317204697196
10.409290355566217
10.404203053959517
10.803278441638033
10.86956856877549
10.681605551229296
10.914772891763462
10.829837402647744
10.965618728392464
10.1320956379682
10.217954068897713
10.624946709547007
10.487971527550222
10.258886940746025
10.71801081877614
10.6186366612641
10.636974423836874
10.620538759502036
11.015488765084985
10.896166600997885
10.56727361857137
10.362362619909462
10.494191554459217
10.614342324436619
10.675238232474504
10.383433855132285
10.325794077358626
10.885693097663282
11.042171179035053
10.628435169875713
10.983695544512747
11.164180234236541
11.116355293890047
10.96398892520209
10.13951248680274
11.061178462568705
10.477297810492338
10.451981782735213
11.260307397528505
10.797524442557066
10.862356387280677
10.553207748338988
10.629919808418457
10.54411735757899
10.555121763202871
10.855327867146432
10.593305403851902
10.674012989038415
10.937643848012474
11.00931133598386
10.71200906939474
10.792252548660468
10.454847168317155
11.099584003038158
10.695161213952456
11.471574057147578
10.900555183598604
10.512718680770472
11.015390954122319
11.187075282707122
10.78119007174881
11.689256560105017
10.724537184835476
11.011361401642446
11.198773837901767
11.19771674112575
11.244621187687526
9.964616910647733
11.085935708492707
11.07546764886242
10.384721017317236
11.066481400443841
10.863437075560114
10.686560039432434
11.373594936093701
11.065318700373075
11.006813267469589
10.809481187345396
10.78298143190289
10.999219564018237
11.018022462385945
10.693762817663018
10.812886119163398
10.69158954737769
11.066912329406568
10.092880867513792
10.786915611147089
10.00631395442483
11.038113594975533
10.95029863952174
10.947869952615507
11.077730276320569
10.857457259220388
10.803954360634501
10.85045967229546
10.863176770344651
10.697118536725826
10.858308928551372
10.958364077819029
10.155564169053125
10.821685267698069
9.965163479591707
10.755345748758698
10.42542142273187
10.66822230750273
10.381373288736034
10.12283451618657
10.576092576050003
10.930012685014582
10.194872013221515
11.130702634901844
10.801176316592592
11.087975821846111
10.930137655916687
10.888367926297175
10.942979169413237
10.297714106824964
10.861859005624039
10.3197652349896
10.758195469668108
10.906202355899886
10.197070692100475
10.760831289287383
10.94876437138135
10.588644973800003
10.197880527563546
10.38586697180068
10.233577507116381
10.869201346911582
10.57384322694768
11.1589339730973
10.588416780545984
10.809208548624971
10.941742523663892
11.020786451591706
10.952137920045635
11.163604232568906
11.240447485456704
10.51804427886545
10.68306103069115
10.217952676411606
10.495956244315998
10.984914875990984
10.922163341988474
11.001887438801985
10.667307198662927
11.048127460439218
10.97679705774713
11.154919905734518
10.903804774609949
10.852334867054624
10.40469736793401
10.567186486630463
11.015744065726494
10.86632978144492
10.847749266473691
11.025169908592673
10.88319024607692
10.630021364965735
10.665843843941367
10.546802681059162
11.005654891745902
10.624265640515853
11.004722441121922
10.308012172898762
11.09519753803395
10.430425576433946
10.87387243851576
10.210745530786596
11.087515995573952
10.323146832042735
10.180939502774157
10.444211098356945
11.059480764105214
10.70921685413062
10.252859014421086
10.737876356930759
10.949853960480269
10.152688154540076
10.948476270505468
10.89739302766187
10.900501029392117
10.899759009558927
10.501426572585732
10.668670794407129
10.47982302301274
11.052164184024361
11.209158400749256
10.978852323966057
11.207541815077333
10.993786001148813
10.824794861665188
11.114352902214454
10.504732000608929
10.895442227330078
10.241077304078795
10.125466307549942
10.588799923212095
10.741657424010421
11.026004560510597
10.627549784542424
10.556680840688216
10.934326122201881
10.224987310459978
10.67268038043262
10.63706459731862
10.816862561201633
10.865324157940023
10.38219626697346
10.481287439226627
10.460539770391826
10.424488501980822
11.425022811205698
10.625029631379144
10.719082480230334
10.256985085523167
10.583616311581238
10.344890389300039
11.14181596559724
10.862103316225094
11.307868025314407
10.406512252866817
10.625439828239749
10.962849303359862
10.666357001604116
11.08910531075859
11.027138866126432
11.00565448588998
11.036946287711595
10.650712457664833
10.620660416238557
10.853301762176748
10.410428566257067
10.597163081461899
10.60875242905448
10.938149370453365
10.449074528968788
10.41684689896912
10.375600605437933
10.668947471287446
10.820637881851356
10.317197283361864
11.07830828253455
10.153208798322542
10.509443095438634
10.04186724532582
10.440327975629474
10.829147796946364
11.113489729370718
10.620745514712157
10.55621492265189
10.60822642833072
10.149862015378156
10.155035174679487
10.537442850479037
10.359917638361578
10.729663661080435
10.89172036850941
10.42712260691323
10.785705406709694
10.49468346349575
10.651252260479675
10.865245513660321
11.06202060583406
10.589853019431311
10.760611170089291
11.013639217119914
10.88167839945529
10.556182580131326
10.703663091005268
10.739231562721345
10.51070091658232
10.547501472366315
11.251115437540907
10.529116735787081
10.430691508177077
10.50361327784367
10.733780102582987
10.451675737264809
11.34984429517514
10.613464318064537
10.436444331248557
10.75539556986669
10.240908363533475
10.528980013427704
10.509675078725321
10.205272033509743
10.321706489736497
10.692997018765142
10.80428351752659
11.04708144178014
10.762446204972013
10.868010396595444
10.013767058953709
10.472571881607019
10.37813833901552
10.25279746893766
10.15298982797705
10.660222861157793
10.989206170170437
10.347456425193055
10.656765963536804
10.872381408804763
10.432621569184715
10.59569810536966
10.252548142987333
10.555841218363662
10.923368444374956
10.571322802250329
10.525086180823806
10.18465607975838
10.140345438382749
10.661504627512011
10.58245043663335
10.388351182480461
10.804065296914281
10.729164619133732
10.678398516821538
11.243075270253449
10.457875140328184
10.320820812539083
10.186434412474078
10.110134836525354
10.483463747808209
10.700224134930988
10.65752916128273
10.764738730381376
10.444002391293337
10.474533737215847
10.36803903292508
10.695064382023515
11.148026950600343
10.33673651932921
9.952282489110248
11.02112220592035
10.868062014030864
10.862312955222762
10.950530261171346
10.917928784819473
9.925136828851514
10.795997802316814
10.789435098162565
10.248454878028559
10.347323381041758
10.42806543133823
10.912584194092855
10.72560674973132
10.059771360349481
10.898476999007254
10.755747371681819
10.643705954755283
10.809608659023457
10.989486238705949
10.313785132419978
10.855285422406144
10.406596471213225
11.209765011137408
10.969497909249572
10.740420520592098
10.981013476957916
10.154206023108971
10.435282749073393
11.053445727712116
10.919860376449451
10.769655697123168
10.940152839977454
11.123908145216959
10.279643981044861
10.670317801488034
11.02636333758127
10.404863576884773
10.980559825199396
10.508383076869078
10.545437632082326
10.998997935561011
10.687653230920734
11.002930528299412
11.017278990760914
11.06666109969808
10.67148576190989
10.728087813768768
11.053206476104084
10.404167453739701
10.50309685652014
10.195005456340724
11.050598561110622
11.392766123979513
11.014134561485761
10.838514366100634
10.745864108889288
10.804765106351876
10.969391037684094
11.132065579744172
9.925280134534919
10.48527355270908
10.27621119164006
10.390843272498225
11.085731964726625
10.327586488644677
10.801391068204827
10.248292721869133
10.154667222095703
10.77448851103759
11.05912449323333
10.270465356305785
11.068435358453828
10.843003045088809
10.360960845225536
10.28315565524224
10.374874346257524
10.821853970796356
10.867287078329108
10.590135489291464
11.094809762240649
11.178505094238828
11.100272948728932
10.937587369210926
11.146446560573537
10.04960285558326
10.262845795251414
10.983133477052556
10.002066563831042
9.904741061045854
10.574729911749822
10.408139547063929
10.98854734823804
11.282071550772548
10.115163374295761
10.704023750326556
10.853226007009429
11.046604320828022
9.991646232094535
10.679972681253034
10.789600747289196
10.790921357899713
11.734958822374407
10.93543499355349
10.920142989114686
10.021858677197825
10.266413745369595
11.146900252758781
11.191492840824786
10.619882026719509
11.149336479312822
10.631712235268127
10.657401830772448
10.277695557560941
10.851716785515421
10.741619433533268
10.849839786635577
10.948868168619224
10.350720254462907
10.23948287081709
10.790399761774477
10.516804113618482
11.048533842793994
10.755818510687755
10.22267367348074
10.695293084431134
10.626505152637227
10.245221464200506
10.557820922678495
10.515097608017445
10.735742233481739
10.956434617480966
10.888929021150659
10.11424394661357
10.5182468277833
11.06806497843238
10.79064353515086
11.219753680943823
10.963225450355523
11.219401270149838
10.820686052898381
10.668598615507175
10.594572969368379
10.667636965649361
10.677287324501057
10.014629276044628
10.610809068182633
10.500911214656941
10.261435927123673
11.196806901634796
10.228124435343586
10.383312589835167
10.494518503993232
10.626116033843207
10.953547410884168
11.207454223762673
10.954114786401043
11.077576072359864
11.05041329765736
11.185063930215758
11.038829160436498
10.440315255562128
10.308350523312187
10.501904399586964
10.73650927050588
10.28390965946221
10.578687648209527
10.430547269414417
10.933460555714635
10.412123582393868
10.377192367334413
11.03962508308461
10.521730092856789
10.592071714412764
10.536592776146565
10.594163678908211
10.449375557960826
10.584352785422773
10.823873086647588
10.886274484038363
10.487625390189548
10.568058545400918
10.294546233331168
11.198769600565731
10.415519605111072
10.522554343067156
10.471017857578323
10.619909581289791
10.253766047953198
10.529948968565341
10.230937775369199
11.157560749831736
10.482150525157413
10.475296699378449
10.273748076771042
10.29943952933301
10.54605049931289
11.19325286728255
10.438028505574705
11.214255565607477
10.513052116249574
10.438146476952555
10.900188738338889
10.672672018896678
10.537741638655357
10.450843345044188
10.647820464538414
10.803742366584562
10.862166785195427
10.67161730026361
11.041245422239802
10.710917293103986
10.928232423015798
10.990337649476164
10.529817992755444
10.544523418943292
10.582713224865099
10.570659632214781
10.440758185780602
11.085392063936302
10.483883234220968
10.05097631376995
10.403945782146346
10.854158801064296
10.712976122942376
10.930990325653521
10.612636681712074
10.93859234626994
10.784408150922523
10.520694325247295
10.360746900557373
10.826366197451348
11.380210098289941
10.838468672623511
11.314418119766717
10.372934598878155
10.470440046241848
10.752762907014915
10.651802660373322
10.641747202928764
10.63479488790169
10.990714478835834
10.54166014184625
10.678480004494956
10.87805494541931
10.65464303754095
10.890830124445376
10.791238611594768
10.597305290216624
11.076158850681928
10.675291109114402
10.615379659708369
10.585664042590002
10.379968332095782
10.53182776436935
10.511402124660007
10.625583206436396
10.568815554713098
10.636845549330111
11.785709580232078
11.286966394688786
11.007792819625283
11.281385678495072
10.361522567163583
10.86372704127253
10.716759697503155
10.738770576070166
10.732023126568652
10.266323759874522
10.729035163979571
10.67780412110196
10.389461101476241
10.545277903389893
10.51892793528435
10.518776642259308
10.475893259811176
10.442609083829979
11.128585545814534
10.56305925164353
10.710598299713226
11.617863467603845
11.053442988837567
10.890795970989423
10.82941322133768
10.783160171851899
11.037042589265639
10.731239431697052
10.739088841913054
10.896459502082434
10.845512196955582
10.906579030532964
10.83617552479681
11.22748548347152
10.850401408568182
