-0.03400202698112423
-0.10108750731066994
-0.03225427723490559
-0.04587706963098692
-0.04782952980331179
-0.03563971224888468
-0.06105873247116465
-0.030588186511204384
-0.06009483959971384
-0.2658930181865576
-0.03932685943035087
-0.04153918907092172
-0.050316143945241955
-0.03235645237572092
-0.03799756054410801
-0.035451639026394276
-0.03637767885526122
-0.032217594560928896
-0.05283067723380351
-0.046816891985864285
-0.3265906516944269
-0.04026741186503517
-3.2050475395612695e-13
-0.046373753894431276
-0.08851158829973965
-0.9063953261434962
-0.00011324862653267078
-0.045852193826959375
-0.26301926350664534
-0.05988060641470025
-0.07099030414741926
-9.033790590428835e-06
-5.5014155121648876e-06
-0.034415531015641085
-0.10127159087853084
-0.10381373997948844
-0.06634837260179705
-0.059620958909557875
-0.05008401080942487
-0.0349604027072997
-0.08277912803773216
-1.5126868869726784e-08
-0.35966514219843454
-0.03893503521866538
-2.396099551301545e-13
-0.035375322296882256
-0.30685075330597483
-0.2814036275754104
-0.039163472761815955
-0.11289830013321683
-0.10127441387208368
-0.07216335588574066
-0.07500173298108
-0.0005495886478314384
-0.9702419053687589
-0.03520977415365257
-0.04991110770459722
-0.3476017225245292
-0.36746996954534145
-0.000389143554210589
-0.12992341136973357
-0.11475541598076042
-0.0019227062552035319
-0.08467319334060606
-0.059092682291160395
-5.588545722760688e-15
-0.7608054322740354
-0.00043871209268346486
-1.3519053689779181
-0.7072381988374473
-0.67975413710045
-0.6311544751638444
-0.5728566383486795
-0.26576947957642455
-1.2267708776842063
-1.0854980570908805
-0.498053418093208
-0.46996030634467995
-0.15052836571243602
-0.1299372512670204
-0.17355862602119196
-0.16786475476440488
-0.34931876729842753
-3.3560312216312506e-13
-1.246780286491803
-0.36150425126096597
-0.0801354884333623
-1.1874977681317126e-12
-1.319839096008811
-0.7314757366440594
-0.7120908644969686
-0.6931976885717468
-0.656233378028631
-1.3714061238438704
-1.266300906578446
-0.5701109437356837
-0.000717846557104936
-1.5301660584023449
-1.4490582972438624
-0.0005382839564126689
-5.833946009767288e-19
-0.795220280930762
-0.00041449427144639195
-0.4270682837355417
-0.18325807128219046
-0.2156621348735838
-1.1874320282619583e-08
-0.001160522621752173
-1.3802981891121804
-1.5238514334903372
-2.471807414884052e-13
-0.0002999906156765205
-1.2822141077026672
-0.10519647501798327
-1.5797400320695993
-0.15506004041120813
-1.650272003567164
-1.942932473697775e-05
-0.13451715756993063
-0.0005979498419933365
-0.21216487261429479
-0.7009048194066152
-4.827030348934895e-06
-1.5972702627921955
-1.8449338631950604e-10
-0.10975449801517824
-0.16152514337905502
-2.1682928712609625e-13
-0.0011695574087983093
-0.43612999624290716
-0.22429882764539258
-4.656862065458727e-16
-0.16585104381727148
-0.37467377343491215
-1.3312943156086143
-1.1573450289363202e-06
-0.22911884002021377
-1.4594627584479627
-0.7577436915554076
-0.7437310069754275
-0.8686198246933319
-9.758086583084604e-19
-7.215020561296844e-19
-0.0011712011852833299
-1.624884896963502
-9.14309948154747e-06
-1.8270579239174942
-1.3235524333867225e-06
-0.5090746122834324
-1.8114264228591155
-0.636504350267446
-1.275411328476614e-07
-0.6180326847022837
-7.88649742744248e-11
-1.0447342020392272e-10
-1.1340624777476851e-10
-0.1675489265847167
-0.8008415211125252
-1.8274528302773996
-0.7813968798454206
-1.7210515370036732
-1.5889923941388857
-0.7444452381365515
-0.0013622381803054474
-0.0007419471542074727
-1.733882410321517
-0.6880955558276556
-0.2748592695021155
-0.6645925117794473
-0.8326379831828561
-0.5148112172635836
-0.0011774782508368162
-0.7914220289605275
-0.8998453564871731
-1.2898222770529634e-07
-0.27553789431866504
-1.8851906086051273
-0.7146372641845482
-7.948139927694382e-11
-0.6791666578346873
-3.4140679833778377e-13
-0.001371155270739725
-6.12320869581459e-05
-1.6976858214611314e-07
-0.6628988688486986
-1.9087692762735475
-1.2952344835805945e-20
-2.024581243116927
-1.7921637196351539
-0.7867536640118619
-0.6429249380682707
-1.8171254806711492e-20
-2.9826587457871045e-06
-1.8183716353241315e-22
-0.7200050222957814
-2.4367849852314204e-13
-8.098595924049965e-14
-1.5931273580822214
-0.0006216573269451792
-6.116296197820683e-11
-1.7133141862361596e-07
-0.6821269668984538
-2.869843765372191e-08
-2.132692326208524e-08
-9.373508809845903e-06
-0.0013908274214522052
-1.098230183415277e-20
-0.0006236760532049575
-2.2339908644000297e-24
-0.862041582403876
-0.0017931445821428944
-1.9699541240942933
-1.9193605678334746
-1.9016617648337026
-1.883374118060442
-1.843837974171673
-1.48499617805419
-2.923285925449846e-18
-0.0015251847739288593
-0.6802000178749074
-1.743000362394153
-1.4946794935436714
-0.0017769583232104481
-1.2671756711429851
-1.2156189327496094
-0.0007581819327098556
-1.7366057820628814e-07
-0.0010580944850517415
-0.0007424273516471999
-1.9345440696389373
-1.9045655206340644
-2.0586893642337154
-2.0372509956519185
-2.0204873025766474
-1.7621690554381524
-2.0081636945486103
-1.7124437717592433
-1.6821124794445959
-1.5998916421468563
-1.1862625709637729
-1.3018709176915164
-0.0017887289933460543
-0.0008651124028644288
-1.81850019339148
-1.7740194332877557
-1.6792917820699642
-1.4431289527856281
-2.0062447886297945
-1.367780495055561
-1.2866751935120189
-4.214161504586844e-05
-0.5038792213725022
-0.4854303208355016
-0.4499648930508348
-0.40168688915533773
-1.720536807257847
-1.3559097283198296
-1.2377825371479279
-4.143396863575455e-05
-1.7555570094303093e-07
-0.0012016449638199412
-1.6448628282184896
-1.5454194823408054
-1.428315126012167
-1.4043305379727784
-1.3570204235194827
-0.0017966882171495662
-1.1996885294097939
-3.351393140088373e-05
-0.0012005969738764469
-6.19757422626705e-11
-1.5502010195900655
-0.001545416820463646
-1.38969178270191
-1.1306625189483788
-0.001198903120710363
-3.351491639154719e-05
-0.0017901386330201375
-2.809559295275229e-05
-0.29823359227809454
-4.113748079109012e-05
-1.599302815465523
-3.34070801150213e-05
-1.4786753481690642
-1.3547667357011823
-0.0017870539183108198
-0.003591546782106791
-1.0289246684495387e-07
-0.0010775176551344678
-4.092390426872902e-05
-0.0013851655322909553
-0.0017853050290741973
-0.0007351427218693976
-1.4692648807112318
-0.0011910568666002323
-4.673949916552522e-05
-1.3626353265068638
-4.1220903039225796e-05
-3.845019148137772e-05
-0.0004566417940589428
-0.0013791183256246634
-3.2787957652683344e-09
-0.0017357519202718856
-1.3828762338014429
-1.411468013158368
-1.356114648890342
-1.1356351810987066
-0.0016311771175170388
-0.0007394151977514489
-4.6517593288040185e-05
-4.37068019387059e-05
-3.837029165006612e-05
-0.004694788530214124
-3.2978165148140025e-05
-0.0009405323142621821
-9.713375546019926e-06
-1.0405964556065264
-0.002272610575331658
-0.0007332607176080043
-1.0475496928494985
-0.000515059686642793
-0.11417354357229435
-0.1266917391600225
-9.21793314466283e-05
-4.558193964960778e-05
-4.2500075264243944e-05
-2.1660368385804554e-05
-1.387860125247279e-07
-3.2640617147378097e-09
-0.08276749315125538
-0.0730748133662482
-0.023834835034016753
-0.1120837494047679
-0.04978818320920316
-0.0017304623389650018
-0.039495631668056495
-0.002453751369139371
-0.12753935410340922
-0.11112328680155091
-0.10073978177843387
-8.857633574846694e-08
-0.0006266740326146112
-0.1263540115026927
-0.0005350709221675172
-0.0005021960723149483
-0.0004716283760939109
-0.00022984520018136368
-0.00019535033162083347
-1.8940433607776923e-08
-0.00015520334572558181
-0.00025344707101732544
-0.0017739831274158702
-3.5893263547035077e-08
-5.481831041264386e-09
-0.10853998767904191
-0.08570925553778243
-9.703117861609207e-06
-1.2616474844402327e-18
-8.872421158185877e-06
-8.354084764184202e-06
-0.002028623215416773
-3.5750397095306485e-09
-6.543735383873417e-06
-0.10735532378158895
-0.05778214942534785
-2.8919653381727956e-05
-0.12172967310102357
-0.08427453449622344
-0.0014724241541695616
-2.179663721241321e-05
-2.5077877345049252e-05
-2.337373698791112e-05
-2.8837025479963136e-05
-0.06404477362760763
-8.66572823610496e-08
-0.11940098318037926
-3.356210064136371e-24
-0.00016176183161941554
-1.9036922772737554e-05
-0.0020925800996002457
-0.0019859710885114703
-2.5132008656430217e-08
-0.09395297461402892
-0.06333224811089745
-0.0007421986176839023
-4.866696136719277e-06
-1.3278332560505677e-18
-0.0014580475628314163
-2.8664771083390605e-05
-0.03381970289779904
-1.890494416231076e-05
-0.04199595197626905
-8.555935621863974e-19
-0.06201469414348669
-0.12622780313105567
-0.0018635331267649207
-0.09139866395730506
-0.0002070874263243605
-2.20516921173136e-05
-1.8906256536721812e-05
-0.11370192361825253
-0.07916569818296236
-0.041309691206573095
-0.09891249167688743
-0.001434609894679958
-2.4433748604402305e-05
-2.1979035121333282e-05
-1.885525657836937e-05
-2.7538959367402755e-09
-0.040970650902269964
-0.1113515904060739
-1.2852211036406967e-05
-0.07769198141803485
-0.0023827445717672937
-2.8365347821334787e-05
-0.0021443915378791703
-2.434690161292918e-05
-0.0019336488170941357
-1.878433778083962e-05
-2.1896826756855036e-05
-1.0193093601180313e-08
-0.7521216252347495
-0.7540144214066965
-4.55435242133486e-06
-4.2853372704785865e-06
-0.0029112702823310146
-0.0007207397965798179
-0.04025800681808072
-2.8260394422813326e-05
-6.746891148025424e-06
-2.4259281805698147e-05
-2.1819175474693616e-05
-1.1341840368344589e-21
-0.08662043526215485
-6.035220592504055e-20
-0.07579658636683566
-0.7318065919458319
-0.7437511628220882
-0.04993067117027742
-0.002352900489468539
-0.0020103556066804963
-0.0016161025530316267
-1.8652919365258978e-05
-8.131142410142643e-11
-6.18530972210464e-06
-2.4166887367760582e-05
-2.1729604013682584e-05
-0.0014021907875417937
-0.057794825546191995
-1.2701374690526784e-05
-2.406658096587524e-05
-2.1645842654850906e-05
-3.5449178893576906e-23
-0.6959041496102497
-0.07330895544570881
-4.469679812602727e-06
-0.6967456267944608
-0.05684392584481642
-0.6722650961743979
-2.163017942614114e-05
-0.0018250452712414273
-0.0015414980577307118
-4.453575380944679e-06
-0.07136237455045208
-7.794070296535884e-06
-0.05580947013138349
-5.175357290567934e-06
-0.100420540215254
-8.264390417594032e-06
-0.7262096406229637
-0.683044061554076
-9.320539022259348e-06
-0.03274618459207056
-2.8193900276681033e-05
-0.030104318172821415
-2.6505577952604372e-05
-2.4901728413418417e-05
-2.340991353665837e-05
-0.6540680852640508
-0.0562722882148285
-0.7007490093608479
-0.7068961001868782
-0.6292490555114307
-0.00040723825152972606
-0.08514867331110984
-0.00023103931817004093
-0.672941291428787
-0.6435835813066842
-4.999539450551507e-06
-0.00015123362894613285
-0.10478721791102637
-6.022600026282466e-06
-0.628916340016947
-0.00020468620755182052
-8.188524283569045e-06
-0.00015056106160663707
-5.023700500542143e-06
-0.6529689506431241
-0.6421517481503632
-0.06646618955695105
-4.738895297194348e-14
-3.7201895606829204e-23
-4.455077287436125e-06
-7.029788080292199e-06
-5.79358993593041e-06
-9.161776753240784e-06
-4.979283635860233e-06
-0.00037162683975960344
-0.0005295692677412278
-9.115966954557592e-06
-6.320150290279958e-16
-0.00018057004238038264
-4.416875413407857e-06
-0.00032241254896021583
-0.0003035670189823344
-0.725956062240166
-0.718411707500755
-0.6980579488134936
-0.00023777123777868743
-9.069617243826628e-06
-0.09073634753957817
-0.07993468882667928
-0.07292323265083575
-3.7270287700955684e-23
-4.396485664778712e-06
-6.511797057168186e-06
-3.4296489649404364e-23
-5.654797357229825e-06
-0.08924065907339368
-0.7525068931544153
-0.7370540228467309
-0.7308789424953809
-0.7006690142629545
-0.07800633166131317
-0.0005384396683401119
-0.0004212175904776959
-0.0003634293761492852
-0.8629875750115817
-0.7988305904179175
-0.7913075580994221
-0.7766376399424391
-0.7372150629874682
-0.00041804403305280535
-5.186408559670095e-13
-0.8856397876273235
-0.8602245264366741
-0.0005214035953318763
-0.00022561110731587737
-9.194936928006538e-17
-3.4391867184155334e-23
-0.00035270647320764196
-1.2795996347085303e-07
-0.6920420183030354
-0.9508360567248323
-0.9306985406884725
-0.8997220089577762
-0.8282671768705449
-0.5820480004318365
-0.5159883080002442
-0.47952364810150144
-0.33327347097833165
-0.3191375839748247
-0.22665347981446307
-0.22321264357737766
-0.00012782944399686741
-0.66670185941382
-2.5225965206857334e-05
-0.9363755907861353
-4.558169062844331e-05
-0.025809310461004254
-0.6728484237073776
-0.15371698176761087
-0.9835858700881086
-0.1532091650037235
-0.48791640726090496
-0.2883404148562552
-0.21351682289377216
-0.04737225016038058
-0.6487328560993088
-0.23405014623730186
-0.20349494142915714
-0.19332931303335785
-0.17615598673099445
-0.03309472437392408
-0.031199049845205943
-0.026888801580494462
-0.025175733136031296
-0.02405865902566528
-0.6915154694333179
-0.8860393825458311
-0.8428380643561092
-0.6102108096940047
-5.4987955161185186e-08
-4.6218071182040337e-23
-3.5840707974825846e-23
-0.15096124113162254
-0.1425504912109727
-0.5471057180308234
-0.9651823627776922
-0.8855575062820986
-0.8467292724155294
-4.690651178736678e-08
-0.32851285572148814
-1.8828977242747182e-20
-0.20123523282675038
-1.2795503890928268e-20
-1.5299022655240917e-05
-1.4689234491470472e-05
-1.0874969202477834e-20
-1.276475672924582e-05
-0.16430466205339597
-0.045251444470415764
-0.04000858066120373
-0.1413070304824497
-4.080717170873595e-10
-0.5818414316268794
-6.998708683776984e-10
-0.9264088768096006
-0.025627456007564046
-0.8693438141281451
-0.8559932167436931
-0.8347933907647878
-0.035020877746178174
-0.36992222279650866
-2.9796468339762175e-20
-0.3294366929906442
-0.3169345713140449
-0.2748772467903199
-0.26597808889518665
-0.00020517386409096012
-0.4041227539877495
-1.0858965410732575e-14
-2.7826274394257067e-16
-0.04902675665295597
-0.12717714981212994
-0.14008867423152707
-1.183961978732534e-18
-0.18935182679681176
-0.044755427600872304
-0.025134384745726254
-0.7717507719375298
-0.17144448855888447
-0.04646922721634786
-0.7964521137502858
-0.8483297764888721
-0.8341329414126161
-0.024975887936597708
-0.44832338204721817
-0.5599294702880978
-0.5519297941709826
-0.18846246744048242
-0.522265250878759
-0.5150924793194068
-0.4004455270790414
-3.1202896382273075e-12
-0.0405895569383686
-0.04788704322621265
-0.0364375196651717
-0.03372270201006141
-0.3238499599574105
-0.4489741764092592
-0.1706983241092984
-0.27193433410101103
-0.23188185801297048
-0.019919323741204854
-0.7309803199888805
-0.44983178754680264
-0.03351098539265658
-0.029823534550797996
-0.04044291059037292
-0.02466791402119861
-0.022796570407660227
-0.6460058534864112
-0.013044633258598972
-0.7785794492103215
-0.018183921494810223
-0.009517763749488272
-0.008460624524038425
-0.008040958325483799
-0.007643264589933211
-0.006400844387818249
-0.006022581375929437
-0.024518762783877917
-0.005667373655542947
-0.8456111845865504
-0.8346489933502471
-0.0047192574839278545
-0.004434367090382696
-0.7801194030495227
-0.0036764707700721543
-0.5662785259631394
-0.5427344727987943
-0.46091123982206106
-0.5201035758364693
-0.6617386301742731
-0.834174384839637
-0.36438433267653375
-0.03309439689830375
-0.3251593941563579
-0.31892594965715754
-0.44256307074070966
-0.022513620082556973
-0.7817444222236514
-0.2205128976898673
-0.2105176915309476
-0.2057684154305842
-0.8340130762415962
-0.8207998317446601
-1.1642946968289366e-18
-1.3862607240756306e-05
-0.8344279127531707
-0.03533054779842847
-0.7410963195301206
-0.7042209448427977
-0.6542792486815403
-0.6140372386188174
-0.01520730142179929
-0.00777149424490714
-0.02683000578504828
-0.0060674470871856356
-0.02397684854727167
-0.010611091267385438
-0.7052488116448411
-0.0350857621628508
-0.028870397131961434
-1.1430504056493207e-05
-0.00030145121723888985
-0.7433919404751406
-0.5786324544926861
-0.5615122037495857
-0.5453488154135323
-0.05363477008527951
-0.003387270014498727
-0.357283696897869
-0.3401540679664406
-0.7444041202523344
-0.7070673626913445
-0.2662734675823447
-0.0060091878329495176
-0.005470607168254334
-0.22626509024382954
-0.2178783971484834
-0.20921880089789194
-0.18412391059576444
-0.13630853954318808
-0.016344010579927626
-0.18361662042479826
-0.014955024418656187
-0.014319771899832119
-0.034589428269731486
-0.028464877030691504
-0.011126732502369471
-0.026386623130689825
-0.009545033621189419
-0.009127373777030674
-0.8345534558963139
-0.1406038116641366
-0.8489565502414946
-0.7196484769523824
-0.7114131888048089
-0.6549537410198132
-0.8296752890824948
-0.646307263089574
-0.8247355181553001
-0.8126990301252981
-0.6210161603251116
-0.023437189873557907
-0.0026558472602602762
-0.0025209316273988335
-0.004283791566486033
-3.2467920949580026e-13
-0.36592004301931663
-0.3252682785944811
-0.2787348702020089
-0.03828082219427809
-0.2740443165923247
-0.24110883666757085
-0.03165858577925545
-0.2208613857487647
-0.21068091049647936
-0.19209774113592587
-0.00752460458297518
-0.038075442624821924
-0.03147962993700451
-0.023175737669833923
-0.005327765065051169
-0.1542035417275809
-0.004238815782518031
-0.0378509739422705
-0.027845430759192373
-0.023055905066726366
-0.015328344401097194
-0.03122827487532987
-0.011635628696872978
-0.13803636127277807
-0.8657032495871564
-0.3983281721846823
-0.8635154218691043
-0.7410601467180699
-8.816930318763409e-08
-9.312605925973462e-08
-0.033681175879955845
-0.31420948307257396
-6.686623862455192e-08
-6.322566365272594e-08
-0.7226478421289777
-0.6942067153598986
-0.006637322097323508
-0.6420851280739283
-0.5746376346021355
-0.4362326095768006
-0.8828208433959605
-0.0030212732096282294
-0.28525121641870005
-0.03736463983538202
-0.3769415521221656
-0.002385657298235832
-0.002242122668992906
-0.002106705921048544
-0.16390129250802868
-0.2746215381565129
-0.033442002589944085
-0.0016625537511912709
-0.2339603628505833
-0.0014861900234621373
-0.20695020504279804
-0.021029459437935508
-0.007361257277603131
-0.005742323641475358
-0.2836827061940625
-0.149712049253428
-0.015711296060377945
-0.025287440274408997
-0.60781514749789
-0.013346119213944801
-0.009341177090858884
-0.027082054316549465
-0.7035530998669123
-0.022575667317222766
-0.2798969634856937
-0.0021111199651024626
-0.0018358855316070268
-0.0013173687336822195
-0.006519254252964285
-1.0962252208808594e-05
-0.1772401764474901
-0.3556773774172053
-0.3373515321364803
-0.30850372091265843
-0.2644971474981206
-6.490307878049065e-08
-0.739214390756216
-0.2350531571479547
-0.026765768320615883
-0.6013751605910955
-0.2749260393319974
-0.0010167449449020839
-0.0026485298537367243
-0.13542295029456983
-0.0007389607310044164
-0.0018208811160849172
-0.02065289778021299
-0.0016522618633347183
-0.022331538828209176
-0.0005196739579090292
-0.0004935769069465675
-0.004088672441301207
-0.1758650382221874
-0.03203459513200635
-0.0033091265318809905
-0.6938983278023247
-0.596084067782944
-0.8700113087640997
-3.5082709217723287e-22
-0.0022869690720565467
-0.0018064480925468341
-1.6064817104101345e-09
-0.029487968700037965
-0.02214324055168887
-0.0381313606006931
-0.729506766333928
-0.0012954825411207777
-2.1341325982814216e-21
-1.041588880915821e-07
-3.601725960427129e-05
-3.873787328989177e-05
-0.0204283250081259
-0.6322285467837448
-0.8651409813108002
-1.2769834944331378e-21
-0.0028683829443382604
-0.12929743326378512
-8.755092643279222e-08
-0.527611312413409
-0.0022678987262870977
-0.6287688384708615
-0.6829522779328933
-1.4973430321869528e-21
-0.0020599133113993755
-0.1490333087093433
-0.3573108344385376
-0.3217994372044077
-0.8613080818985737
-0.0012846856972268822
-0.21906919084553655
-0.017678609498899395
-0.6250170374913755
-0.20432674895236863
-1.0394588388780282e-07
-0.02959505821272528
-0.001031075968995551
-0.03756903730517891
-0.15380690737256342
-0.0009047798788516388
-0.0007932177628766554
-0.0007223371891989073
-0.7139165125929552
-8.751468480836598e-08
-0.5791609192717945
-0.15710280182628192
-6.460637323803342e-08
-0.17169420571087426
-0.009962356159416838
-0.008539712952479985
-0.008004825624995446
-0.5741789007747591
-0.9054597496716081
-0.8591434011954038
-1.0354869795565129e-07
-1.1797073751677724e-07
-0.0022326595526620703
-0.15585057263067956
-0.4894025503539786
-0.001762209349755294
-7.728859467737654e-08
-0.6019138036817164
-0.5929288267602862
-0.2521914160023993
-0.24641422468055604
-0.6957341504639255
-0.7484579345909538
-0.23526706077288886
-0.26534037359653434
-0.21973283725933773
-0.29078406444023436
-0.20021750181077685
-0.004332625619663294
-0.0010612326699604758
-0.03681744785929226
-4.8467040576501566e-21
-1.0360854897073378e-07
-0.0007817240586381724
-0.0022158864610238678
-1.1745776629432246e-07
-0.0005233497525852937
-0.002795275137584802
-1.5777136239170072e-09
-0.00020788791120340662
-0.00013755024725476152
-0.1259181475907611
-0.01972925350895413
-0.02684886905198842
-0.027470051145629972
-0.028101281365087136
-0.7588090164210249
-0.02172378389528795
-0.02904449964597749
-0.01610292721053448
-1.169455516301588e-07
-0.0013716356170418063
-1.0278031429230996e-07
-0.01375931070739128
-0.013348039296372394
-0.5116431629713182
-0.49708864890313637
-0.36143739457368984
-0.01032586529605823
-0.0021880374865262857
-0.4803997620658291
-0.00836031965760739
-0.0041688575176587715
-0.33453313169746723
-0.34005748573044425
-0.391029251177926
-0.30777476204428034
-0.2079672325220524
-0.19677849530564662
-0.3543909913656381
-0.19026547072228608
-0.12404878075290113
-0.0021740330166530298
-0.2550560532175392
-0.3860981808330778
-0.00013552900934202787
-0.0008364061191694595
-0.0008006350328325009
-0.3516724944871446
-0.0007332135414772774
-0.0006388838145212774
-9.978344242876366e-08
-0.0276297948407439
-0.016927575879660497
-0.025851928834930305
-0.0013535077556670954
-0.6353781703890347
-0.024060360934321814
-0.02269112531706133
-0.004907042669945687
-0.3486913612214145
-0.7050851757516043
-0.7775935202240787
-0.014850593420664766
-8.458645900083632e-08
-0.014086594036244127
-6.786300074007721e-08
-0.7508290377109533
-0.013154770992252849
-0.7447827543575892
-0.012762384718520118
-0.012379014315990585
-0.13558381157063598
-0.47981525448673784
-0.6266748520781287
-0.009571996590203528
-0.008930953693139692
-0.007046381424106229
-0.008528859900479703
-0.0066861553386017986
-0.008205357951933319
-0.2509613960937426
-0.3457164953415405
-0.019320470034737483
-0.46068685877116883
-2.776212028186653e-18
-0.016832768878543333
-0.30267543261892205
-0.12201582101312845
-0.32285043601316676
-0.3128983729755828
-0.17094556910914707
-0.03215460747666701
-0.342570314393511
-0.0021467450751738782
-0.24896300485233017
-0.20255216692804026
-0.0012189926851536846
-0.03493244175424778
-2.1245320577801855e-21
-0.4692287533568176
-0.041389630831080715
-0.00011242990939430296
-0.26880541617569975
-0.25025773603462537
-0.24226971332940653
-1.814800168541784e-08
-0.0024520547327219846
-0.05503617712439783
-0.0012111792207493398
-0.01663340767905321
-0.039537773685559434
-0.00038026465413247616
-0.02598299663499747
-0.6565008955042178
-0.022703704561078352
-0.0015229143163739641
-0.05470379899476875
-0.0021209710046689633
-0.6073508156873222
-0.6909167015140617
-0.015117097752449722
-0.00013258297374909396
-0.16013934070943114
-0.6617375486220909
-0.012626778044856317
-0.4466351405857702
-0.008973411975819107
-0.008465873865027188
-0.004786979596875785
-0.14192512588890244
-0.11934911290310629
-0.3232701330592683
-0.0015129812038822473
-0.3088492416587788
-0.313942648422584
-0.3000297387593716
-0.2624306716412853
-0.004406873715574274
-0.43806837678548494
-0.02628702651467751
-0.2143896332591442
-0.2097698484744281
-0.012996713774774293
-5.077574998956291e-22
-6.798186692846687e-22
-0.002095386359637856
-0.028042636375391637
-0.010616975155949504
-0.0015023791872250793
-0.0035499472910854217
-0.0011888433136223633
-2.1185961695079077e-21
-0.00013069492726566767
-0.013108583083866832
-0.12959989622963078
-0.4874783839138312
-0.0018898293610771848
-0.0014918809213781523
-0.016461751703045424
-0.30617244762866824
-0.006568949460354372
-0.3387503907879043
-0.1783280759485923
-1.4881271328514153e-21
-0.011890327002897442
-0.027758836257437473
-0.20790130248331448
-0.005383623145549796
-0.00025155927200861403
-0.00021742496626787636
-0.0001503510423805905
-0.0032131863920350358
-0.18248642062666462
-0.030376041968652998
-0.0330217043388014
-0.0020632924864771533
-0.006018085389035942
-0.006681190542527289
-0.0012897094281991111
-0.011958377719176535
-0.011483858289404899
-0.0001288478763829884
-2.1138857099028986e-21
-9.01306818590347e-06
-0.0018767982004205767
-0.0018050733400414444
-0.24176449867197758
-0.27965481997982466
-0.0015363173415109327
-0.00012793845266257956
-0.0011752562179706363
-0.0011290244592258786
-0.19825552421268777
-0.4900512039313435
-0.1996433291325001
-0.22954909458888126
-0.46535705477906886
-1.1248921418701207e-07
-0.38704661925982026
-0.4351295826581515
-3.395317946923073e-05
-0.2550133070201806
-2.8460825010888844e-05
-0.17816662079842221
-0.16670797133253534
-0.20425573965453667
-0.14196464352383442
-5.239191182829183e-19
-0.03809120317879659
-1.8067805479986002e-05
-0.011118050731463092
-0.2072584430422664
-0.25343992847492625
-0.008273611791875777
-1.0044066225991473e-05
-9.411529706587516e-06
-8.81209250369907e-06
-0.42759947916604074
-0.008009907046339351
-0.36975566339148624
-0.0076992444769232275
-0.23982828232977885
-0.4482842584345764
-0.4199558836748712
-0.241399936051186
-0.19062416345014402
-0.03041724826805822
-0.3721881487662239
-0.0012437939871327503
-0.434087836082693
-0.0009259801483723377
-0.0007910455914700317
-0.3922542526191152
-0.41589428738679474
-0.000633731771295562
-0.029486747305201268
-0.35352978843070887
-0.0005093880278744524
-0.1481534865739327
-0.013379243781524303
-0.385414277548494
-0.40892857304046193
-0.02864904634642055
-2.2474048756835167e-08
-1.3904197103393973e-22
-0.007078992575459522
-0.13731833533048954
-0.02778339971929752
-0.34357009798442795
-0.045456426831039405
-0.24972322731103858
-0.14662396624025315
-2.108267401597064e-09
-0.41527858633735687
-0.062076685652551776
-0.3632554199276689
-0.058109327527875364
-0.05445150926516484
-0.045273148807496055
-0.2518326941242599
-0.00010309057028433481
-0.0008228925562226487
-0.3785661225634855
-0.03198784948413263
-0.33409019319599853
-0.4609097284101865
-0.025991531435549112
-0.2531006699191446
-0.00048769204778632743
-3.5874851261611645e-05
-0.3725344084280034
-0.16836498920368156
-0.19422233635827285
-8.401923390505765e-22
-0.14459483700914907
-0.4188580814328654
-0.16745043450314448
-0.1930668210682654
-0.01384260932855593
-0.37241472628513705
-0.032659140403290085
-0.011350183821101301
-0.3212429475170845
-0.00016448685744582483
-0.1565183444007761
-0.1432866810298995
-0.00935931914576423
-0.20670222789444861
-0.007942685935802631
-8.345495424552169e-05
-0.33690911229173165
-0.028461510008258216
-3.6757390107443555e-05
-0.05454363679926885
-0.3038978601607481
-0.04747674887045196
-0.3615833526533594
-0.35047875141824525
-0.14202125477792713
-0.3807429919398326
-0.044485121095241775
-0.1894214511189904
-0.0004637733374123068
-0.0012760944078045171
-0.0009450632085557812
-0.0008985229229812345
-0.31832266674004683
-0.0008135940784227797
-0.0007750365510249998
-0.15429442310031619
-0.0006514470690745747
-0.04430774728757034
-0.0005210072265716151
-0.16337462913782866
-0.23838793851757606
-0.012754923833662191
-0.13172332543665577
-0.009247243565865563
-0.044167542449218174
-0.03933134490846333
-0.008434437155898943
-0.007767456162413575
-0.38471438977471
-0.00745810490104866
-0.3659351006282658
-0.3368129654919127
-0.031314000493845855
-0.05728626643471642
-0.17507963303743515
-0.3196456275837604
-0.31826199217183704
-0.05403003330992936
-0.051740422251470006
-0.3065861727101476
-0.30353200695951205
-0.29130049997455554
-0.001416980349616467
-0.2870598314444626
-0.005147327701083609
-5.026019186996742e-22
-0.2823480170223473
-3.63105559321629e-05
-1.3774499073610594e-22
-0.22197429093058074
-0.21891461711556265
-0.2062933173089715
-0.19646394360476255
-0.24318136599934542
-0.0011972406999177043
-0.22823841737805872
-0.17994176941143664
-0.06498659793817717
-0.07071863045224862
-4.982115515314017e-09
-0.0009331814648401394
-0.000888037799672432
-4.419242117534812e-09
-0.2366024449889056
-0.0007659384789408438
-4.4536122062047395e-05
-0.0007334836167686609
-0.0006724418027664171
-0.039047920012354846
-0.06959714523957067
-0.04338809438572907
-0.00032592799538413845
-0.00016224682739060566
-0.3248270911812635
-0.3191082880326412
-0.3152897020654256
-0.31375586895638274
-0.3089823993515283
-0.3064652740274113
-0.00017682307477108827
-0.00020727694231498768
-0.00019626952387836487
-0.004873899219555852
-0.28749628327349125
-0.28614565212073073
-0.28075649274835957
-0.2777162568278446
-0.2743868928913041
-0.2708195051015485
-0.00024303384323570612
-0.22631789305702665
-0.22322648229451147
-0.20432653088706887
-0.18236744899664
-0.4144332585901853
-0.0011778448006095057
-0.001121759158617379
-0.0008734750294931217
-0.4117263692285447
-0.000753653218382757
-0.0026702009013791455
-0.0006894806005635737
-0.3208989072022358
-0.0005230211957401909
-0.0004978623550717215
-0.24442750651358355
-0.30317404198599884
-0.006042028294006403
-0.29152434173701675
-0.28553756127195556
-0.05405456125106198
-0.2974768030615948
-0.3599161631207993
-0.00890641785806856
-0.1702688304412937
-0.002973153530955479
-0.318433211021585
-0.3099334181611935
-0.276635073293567
-0.0013812447392668886
-0.3018473521357378
-0.29707012783709513
-0.33621333005451354
-0.16999337186981373
-0.4043264887509476
-0.0034449751301972335
-0.17984735658668036
-0.0055275870255439485
-0.0011660132992337912
-0.33531298982243835
-0.0009553636720279156
-0.2847942206565797
-0.16968765816078743
-0.003785277011513573
-0.0008653261147795246
-0.0007822488795451164
-0.0007441007520603251
-0.0006527821959830679
-0.3558461540068617
-0.06757754180093249
-4.340199426687115e-05
-0.00040376681063601557
-0.4004584934915166
-0.19328193456363632
-0.20234491102077282
-0.30236759895687
-0.2977277430385707
-0.2779541325464969
-0.004318543915240405
-0.00028966036139575714
-0.3181904824442988
-0.1791488860825089
-0.3106076847189061
-0.014600023016952707
-0.0002473644574561141
-0.043474724390220355
-0.00022277597402373486
-0.2921890258465073
-0.03788790462078123
-0.05536697511233775
-0.05377485408935683
-0.05220608324768688
-0.24307490505213827
-0.005946383697954806
-0.29322186439845804
-0.004754624485798702
-0.33597218465452605
-0.008508286634165812
-0.04233191650357565
-0.3553471037770196
-0.006565329176771441
-0.39648581488435003
-0.005455419163298474
-0.3080059548212733
-0.042211147035158755
-0.2962386957530796
-0.3963726517620254
-0.004733362229238162
-0.3245445627053353
-0.0007336366317218302
-0.0013567595321803605
-0.3574896647576845
-0.0006436519973094558
-0.0006153499651255346
-0.0005365577001156542
-0.03758876527661425
-0.29142361502628794
-0.28247469724424773
-0.00027754757287106455
-0.0002456968155671473
-0.34213010092972257
-0.0002026485925769757
-0.39696809497215413
-0.20250688909733425
-0.0013510143144771713
-0.0037381144544657062
-0.0034325117196510025
-0.008338751988821174
-0.00792036188732311
-0.15709388667962446
-0.00014590729067152255
-0.3994187483405702
-0.0009328551776999478
-0.36732636913536554
-0.3228199158422765
-0.35217345389790733
-0.0007269436099103069
-0.24807382533855024
-0.0005572685683442177
-0.000481611312968269
-0.0004365942454543596
-0.00041605689080893583
-0.3353908230474116
-0.3564659977346547
-0.34469435077767924
-0.1552152446936284
-0.26207662541236504
-0.34034924266204647
-0.3317296646378928
-0.2421467139677742
-0.3664307222322236
-0.00431379085471997
-0.004137117792392515
-0.00027615667033482747
-0.003968128392262917
-0.0033419012343240367
-0.0030385705962485466
-0.00016878236943788005
-0.005816242774796312
-0.37209107053523316
-0.0069185734423043935
-0.3661115067281821
-0.32863167346585875
-0.03701845659855996
-0.3419184207183738
-0.0012259993812495042
-0.0011704588046193643
-0.37389365960496
-0.0009706758014412349
-0.3341632422482345
-0.0008342607927549917
-0.0006577763507239367
-0.0005247468279161851
-0.2717155101422484
-0.0036358231460960097
-0.2491459695369092
-0.03688286624800542
-0.0025072832407634867
-0.036813041522676185
-0.0023697442837567356
-0.001474457617928819
-0.0015868643614816895
-2.2879442414895e-09
-0.2647398278997768
-0.0011205150339100734
-0.000913850019958227
-0.0007435310682098224
-0.0006975493050893729
-0.000536924378976749
-0.0005759136891473168
-0.004168814094856291
-0.2842398760907215
-0.03663634877587773
-0.0003138882459639216
-0.09614284927641806
-0.005112738717239687
-0.0004792962309250496
-0.0016583763340948625
-0.007175830898115221
-0.003153836570425268
-0.0013668992308987775
-0.0036331260448516987
-0.0027140720970223486
-0.001817922930631369
-0.0033551159058780207
-0.0007349609573466462
-0.09841811311670134
-0.0007840671838919627
-0.0006514815578054501
-0.0041114009124796035
-0.03643029541829485
-4.970322670338437e-10
-3.0455036866481406e-11
-0.01414395182894391
-2.2514449846345814e-09
-0.001360321436790008
-0.003608313706954687
-0.0010658265315322728
-0.002694186842822128
-0.0008873329387339076
-0.0007453227339688196
-0.0029406078033168354
-0.0017993158365086663
-0.004060618461205713
-0.6473209590755591
-0.001435163045773983
-0.09727101472516468
-0.0009532985590863343
-0.6704594480667243
-0.0007065643609812639
-0.0007577632507596255
-2.221856960668712e-09
-0.001788471531486687
-0.0036208029316707694
-0.0030035242341061525
-0.0023017509105313166
-0.0020719935899411036
-3.259567674138398e-05
-0.0040393926723268445
-0.008088897322250646
-0.0075529223133535784
-0.0073234201960247335
-0.006540602028925378
-0.006211169887848768
-0.7353597456275147
-0.0003951987613189318
-0.0011047680096692276
-0.040094679906764595
-0.0009666613649813305
-0.004033246392948456
-0.000532562843037192
-0.0033010462640387485
-0.0005661736374883816
-0.04008351567194917
-0.0003939915640765907
-0.004035293154812638
-0.0016084806676837091
-0.001768547647129882
-1.5390679342831867e-09
-0.002046740221314226
-0.8411806977349701
-0.11371503736515023
-0.10869255356060319
-0.0015605008902540728
-0.08150676160609592
-0.07612034480844583
-0.0013554617434774039
-0.0657051396361768
-0.0033913372877441314
-0.002891075158851144
-0.0032345403944875188
-0.0009365707263353991
-0.0007264931719971712
-0.8640804202734498
-0.000680342836414542
-0.8807953705880467
-0.0037300429427364295
-0.0035616502585110186
-0.002024234944413087
-0.005308421547241318
-0.004910761341212362
-0.8500465002696307
-9.137830190414267e-08
-0.0005562666385069218
-0.0004876173292455062
-0.04303228400993521
-0.9640464461268504
-0.8356745406010476
-0.05477057702252319
-0.8485183524232559
-0.9556072444933884
-5.1573226323811386e-08
-4.38576064659098e-26
-2.160742826222158e-09
-0.008453351838510464
-0.008027724542396869
-0.9219054045235001
-0.0013555127067377052
-0.8056037896424415
-0.7493455687895417
-0.8831227013309908
-0.0010689607440112262
-0.0009648502716733098
-0.00290460246111085
-0.0025793443256298633
-0.0005993367439174092
-0.000509176790498026
-0.000484077412480487
-0.0004133066251358025
-0.0003700210562222968
-0.989944565807312
-0.6920373712540657
-2.9637988674833022e-08
-1.100919817979168e-25
-2.2458177923239137e-08
-4.219993136144661e-11
-0.9109295731101986
-0.6303674860780176
-0.0071566636322251825
-0.006205460466399128
-0.004213836392497751
-1.237717020738964e-09
-0.0021589654873463773
-0.001951813431307788
-8.183246532722415e-10
-0.921174353747923
-3.213817063498526e-11
-5.7084284588765955e-05
-0.8143634239252835
-0.001542900305496471
-0.0004977440872164198
-6.758581849059845e-09
-0.5909430274361636
-1.385986970639812e-09
-2.2497249230861815e-06
-0.0003731730953644347
-0.00013913033252766928
-2.6795036697982595e-11
-1.8455969612287422e-11
-1.391657482267509e-25
-0.1749097198295134
-0.002493953417711832
-2.809375924290491e-12
-0.0017015541210173638
-0.9695808281615005
-0.8368446824459128
-0.16326922601222932
-0.00502596848922431
-6.941606254891739e-26
-0.004136858587478895
-0.8058102967458387
-7.430328725214288e-26
-0.7406259996228519
-0.13693623467793228
-0.696582374382523
-0.002144111861925299
-0.18632512856577055
-2.5893769362006118e-08
-2.4080697221213886e-08
-0.7913371421177646
-0.0013433924894625225
-1.49219366603479e-08
-1.3892187925051578e-08
-0.11980696014328046
-0.006976282100249653
-0.8962669407948436
-0.7040598387892848
-0.1631239872582796
-0.004558600222310451
-0.14802621739445176
-0.0005951827785846094
-0.1367596235854821
-0.8536116139213177
-0.002143065108596579
-0.13184352274893446
-0.08432810003444977
-0.000837207424352394
-0.11634435266902383
-0.898471515392876
-1.887411055647455e-13
-0.0015370825440252994
-0.000371605395630859
-0.16538401957841853
-0.0006586450307349324
-0.0010614282268413594
-0.6629357605910043
-0.09464476797957563
-0.8583115813022516
-0.0050200452118445435
-0.0045570087359785285
-0.004341365202134008
-0.0006586812408093893
-0.004133000723306544
-0.9054825846811929
-0.0021432004287221264
-0.18155908827430772
-0.0015369282537490967
-0.907475109338087
-7.816423402242219e-10
-9.683254232231613e-10
-2.8162455050122364e-11
-4.3665262411924827e-10
-0.18251894892979
-0.9099507589452958
-2.0924001408526292e-10
-0.8091140850722085
-0.001064047384049709
-4.846359664993126e-10
-0.8626478782500733
-0.0005260291427788729
-0.16714393062943395
-1.1701246255171212e-25
-0.7841327569094636
-0.004788997622986999
-1.7710005048360808e-09
-0.12227548763862155
-0.1428910787607749
-0.8708187957098966
-1.2477349565758289e-25
-3.6245360827031874e-10
-0.09403042797506087
-0.0007556267139919336
-0.8104158605909437
-0.8763592972907989
-2.572529438184521e-13
-3.021408250573214e-25
-0.7010349934736758
-0.0007563859180614563
-0.002809076736157869
-0.0010627056830845632
-0.13458471308468967
-0.6814306143091035
-0.8172772430635061
-0.0008395778191116361
-0.005061325053590014
-0.004818144454824881
-3.2668920979551077e-23
-0.0010641263204546616
-3.96988392104448e-24
-0.0009612660400641339
-5.738207983694046e-12
-0.0006627925266858329
-0.6968129660808602
-0.08296440812678989
-0.08286905005278067
-0.0021570894204878495
-0.002820323334517379
-0.0010676233652710313
-0.0013525455793937605
-0.0924022183277875
-0.09227348420022584
-4.376254534499439e-20
-2.5347291923979693e-20
-0.10046537661712064
-2.531803391659178e-13
-0.0025187172704101185
-0.09150884506901527
-0.08196515327382399
-0.0016673022934585071
-0.001219161783630285
-0.0005907398387202263
-0.0009515913199413009
-4.362921298399048e-25
-0.0009115170210292787
-0.0008729211893665169
-0.0019932223832815955
-0.0008006384948027629
-0.0006672660757731545
-2.514949741903648e-13
-9.540666213236397e-08
-2.4254801902716796e-25
-4.8177137331333915e-25
-5.724966148546937e-24
-0.0005927901499454022
-3.3401355837221945e-13
-1.7590969593612277e-09
-0.0014694184433423144
-0.0005941079101524639
-7.964499938168385e-23
-0.0010145120952860414
-0.08147273353570114
-0.0008807736567993511
-0.0008069922085817287
-0.00067166620705841
-4.2222413404546705e-25
-0.0005967489736897681
-0.00130827928483868
-0.0010288161628138528
-0.000976787090617064
-0.09835226932594396
-3.632718931449767e-23
-0.10945421701399043
-0.013713795613970889
-2.9599095029279306e-11
-0.1521238836743915
-0.09804530202833751
-0.09042441832694374
-5.920816042819045e-25
-0.0013949313282666986
-0.0011612066664469717
-0.0011040737465636804
-0.09796762235821313
-0.0007168359062597597
-0.0006802886342277856
-0.15636325455816982
-0.0902510770843775
-0.10882886390827066
-0.09789990623811957
-6.778505956593089e-25
-2.494117247663929e-13
-0.0978748840107042
-0.10874647890708755
-0.0006047598968798456
-0.0012928227229808686
-0.0012348942324037669
-3.265033610687416e-13
-0.0008708255495751953
-0.09029131408496716
-1.218699395523285e-09
-0.09792552358769958
-0.08130829229589674
-9.300891112505143e-19
-0.0006084367639857351
-1.0087472211555447e-09
-0.15642403699998486
-0.005131298847462115
-1.3723781039985363e-09
-0.0979599786297832
-0.13907372547819968
-0.09043148145696793
-0.09801942037798206
-0.14582472269856417
-0.13785693009879213
-0.15426972389258964
-0.0057165452359532656
-1.7709806614899624e-11
-0.0001431194929863073
-0.14483714583388296
-0.10866915394008983
-0.09811964743731272
-2.1537701345962133e-12
-0.09836863650809938
-0.10877341731434798
-0.17781156945077276
-0.1421721262477454
-0.012765676928251724
-0.005914780747009934
-1.9646340524827956e-09
-2.8999713600209428e-11
-0.09307814939407325
-2.1870146689079183e-24
-3.2180231248443036e-13
-0.170722134666505
-0.1603669213174821
-1.09782216204006e-16
-6.810595696252603e-17
-1.6440801797013436e-18
-0.1916840275543532
-0.18137776475330333
-1.590754361147739e-24
-0.003315252565147041
-0.18249379347417904
-0.1557086370084165
-0.07536077773948785
-0.020489967830740124
-0.011717511242596576
-0.0745823609592164
-1.8471309292162535e-08
-1.5036263610898714e-08
-1.3362688320753343e-08
-2.1390138842188915e-11
-0.0117842952944616
-0.05543638258634848
-0.07183708263905947
-0.0006023345371267663
-2.0794111592835708e-09
-0.010788974172590013
-1.92138615359405e-09
-9.95123483579563e-19
-0.06838230352258884
-0.13106159766499323
-0.13302128542088767
-0.08051220243725182
-0.1350630073064393
-9.243625254893215e-15
-3.9265843154395685e-09
-0.13709142197436708
-1.165046264334393e-09
-9.397184897489743e-10
-2.869849936012055e-13
-1.540163535735042e-05
-0.08745316190038689
-0.011960979011022877
-0.0001329770014399734
-0.01690497521940842
-0.08668116563045467
-0.12410352318412816
-0.01358920298442352
-0.0858969995442577
-0.014981093522859354
-0.13519750222394697
-0.07575440543698359
-3.260542589276075e-24
-6.408648412783243e-24
-0.010999513869781987
-0.0676277425893084
-0.1330902375434289
-0.050161311784358224
-0.0783172320153577
-0.09525562780619484
-0.058012330037029436
-0.10504126317232634
-0.05746120264835798
-0.1474045646080671
-0.012174757050372123
-0.056902345999774034
-0.013834340689330283
-1.7378085434368314e-24
-8.747204596513767e-10
-0.07299258777149394
-0.048595013092795826
-2.1380054608851107e-12
-0.013908578148403076
-5.560723725399037e-11
-0.06101086002814717
-0.06045547739526262
-0.013985982554615044
-0.11274999798435485
-0.15466439251760453
-0.059895264101881444
-0.09176207012652586
-7.893995953864847e-24
-0.052599737758808066
-0.014060352594530172
-3.983972416458827e-24
-0.017573139046628914
-0.06761048246646416
-0.06701285143771198
-0.11721477685934287
-0.08290829849829014
-1.2883064032639961e-09
-2.5387818382285545e-24
-0.07075229230167786
-0.052457280274512304
-0.09362255787735811
-0.08124777913118869
-0.13013803795448425
-0.11400202386903176
-0.06955958594693006
-0.12927323759277
-0.0474235218923849
-0.019955540947476043
-0.09978048567508989
-8.258740074595384e-24
-0.087370891202201
-0.08664991763422539
-0.09707141122645387
-0.08264996772768911
-0.09490744755500137
-0.06555465093551281
-0.04825889459746171
-5.173361071866556e-24
-0.09273802710298877
-0.09203604040768669
-0.013296313609113371
-0.012098652164088109
-0.06095436031690595
-0.11709875491128714
-0.013358407109981511
-3.0784534756413455e-24
-4.705881175591471e-23
-0.058268203864905777
-0.013510176628320268
-1.2674554253231764e-09
-0.04387822667271643
-0.05721902162199334
-0.04305159953000763
-0.08613687368797705
-6.0917668013659864e-24
-0.04821650569399009
-5.200776211018032e-24
-7.024427650674753e-24
-0.015780715484275974
-1.20672611285457e-23
-0.03572046161499112
-0.08092327621813793
-0.04638736027658154
-3.240184380291219e-23
-2.4219015835266567e-23
-0.0038637093857253444
-0.02889561959045696
-0.050174661892839874
-0.05791449778428164
-0.014212852110323793
-0.0039029190206336236
-0.09878404799962714
-0.04872013197536615
-0.03669294507038779
-0.08398428892100257
-4.69696609620335e-12
-0.09645942527452621
-1.0564566572640765e-17
-3.726153465820152e-23
-0.040757648882628054
-0.060975386299189416
-0.07101521603972864
-0.05311319959673052
-0.013211941599264001
-0.04502359568652057
-0.05263730625604614
-0.033377503233800045
-2.5963520931117717e-23
-0.013286336035185694
-0.05814277104249214
-0.02496097574096498
-0.02904115802673588
-0.050092952979748334
-0.03708008793989622
-0.04193480571353917
-1.9139794873747098e-23
-6.680679058369547e-19
-0.013509933562467581
-0.03588557355582318
-0.04060720913284527
-0.02960866400123152
-0.02786039084446206
-0.02729375753557749
-7.409242847089156e-15
-0.013652520427008335
-0.046545540648921115
-8.494339274774109e-23
-0.046050458880817706
-0.03889281851603837
-0.013685535031407337
-0.06097187439291964
-0.045548143646004215
-0.038061067398324
-0.04460403778586238
-0.021733328391898475
-0.02679253683471313
-0.021824006609103355
-0.058139401092329644
-0.04496998318942845
-0.03903518045389802
-0.03823491696657191
-0.02916268834550321
-9.820988267934547e-10
-3.2093678413119186e-17
-1.0907664951841498e-11
-0.018267027479990292
-3.8005961076601204e-15
-0.006572116582218538
-7.266714865621892e-23
-0.007349645687956468
-6.445570449637496e-19
-0.017759488045558096
-1.1450195431217476
-1.8007583595195368e-15
-1.0358688335742876
-0.00834786249352108
-0.021484710812495637
-1.0906128169480143
-1.1811033700615259
-3.339539647104993e-16
-0.9373060304835272
-0.020900391252603682
-0.01872696643112703
-0.017953903779219408
-0.01650528788429731
-1.247869104651516e-09
-1.1916330245017606
-1.0219846229724896
-1.2914106223271797
-1.440937956283391
-0.9765049117456802
-0.01862480007406781
-0.015650772675395348
-1.0093889974781622
-1.0257192345286625
-1.3944558233665623
-6.080539664210098e-17
-4.657965975427649e-17
-7.471648598717996e-16
-0.022371970312979418
-0.018078498015236925
-0.011069313532049126
-1.0258074145057945
-2.179977201839062e-22
-0.02498316004132831
-0.025026175475871278
-2.6453468998397682e-15
-0.020756712681371293
-0.019451026429601087
-0.01861692079614142
-0.018218469167084726
-0.01669592705528827
-0.01563398492456369
-0.011417767787813745
-0.846184940038806
-0.8742649311193288
-1.3322774050018913
-1.3952264005611232
-0.022311278578830564
-0.01404745792567723
-0.8832293528440435
-1.5053608169883566
-1.2727694145474164
-1.4847763741456936
-0.019102805627909204
-1.2391660504710993
-1.524324451928189
-1.4134742181199274
-1.076814827175282
-1.5033180622584963
-1.2502383987977046
-4.282969947966399e-15
-0.01712441974193939
-1.3626061738333985
-1.128758167603472
-1.477311165448645
-1.151349538184616
-2.245043092891053e-22
-0.9516961765714606
-1.0438301468253884e-08
-1.4048716292897843
-0.7538586160361478
-2.400829524277394e-22
-4.4098164122318116e-17
-1.2716009119073786
-1.3327782221777893
-0.9580809980510446
-0.7288620175663829
-1.0511554852204401
-0.7221318155788319
-1.2977866822355029
-1.277297904184769
-0.6822101328978455
-0.8877902487454551
-0.6115407899995677
-1.1472176185704572e-14
-1.1703830839792662
-1.0007443857610998
-4.9356982626525367e-17
-0.7441142233057116
-0.7651572121911429
-0.7722807762591721
-0.8013860620922564
-0.7794134352637496
-0.8652114051386673
-1.0157380256489776
-0.6591619996485394
-0.9002863140693743
-1.0709768379934628
-0.9854306337693263
-0.825088264890053
-0.8805895460802424
-0.6306199868534482
-2.1085644811745978e-15
-4.663192613669068e-16
-0.8465723248750162
-0.5178402370954415
-5.545991682129718e-16
-3.7683219157608986e-16
-1.4029139434323171e-09
-0.8543627942327482
-3.2940265979833777e-16
-0.9455355471601342
-0.4548426089001446
-0.9252269845954605
-0.5013868590746587
-1.156438267111318
-0.42007936326057066
-0.8920642299576073
-0.4751599758563837
-0.9145504350724986
-2.7904323812590967e-22
-1.0541888732985316
-2.9661728076311845e-22
-1.1197685076615043
-0.4633753960471858
-0.5881429657265123
-4.5899033848602146e-17
-0.4504351994927541
-1.2783592296613863e-11
-2.2779857893627697e-15
-1.7327584443339603e-15
-0.7185183089001697
-0.6327994106271657
-0.4227279488993058
-0.616646138748081
-0.6435437643475489
-0.9072561361296536
-0.7511873825201374
-2.951497522832382e-14
-9.917377064547666e-17
-2.0954319376451167e-14
-0.811657012973494
-0.37828165527096447
-0.5248311071309169
-0.6302027634033017
-0.8856727471628243
-0.6197871584723218
-0.6099434239052169
-0.691798703251902
-0.318600941516666
-0.4845325411381659
-0.4460531064546482
-0.5050472590219985
-0.27987858677905997
-2.1000478721111553e-15
-0.49092163701046465
-0.2714204671105134
-1.4057616137164711e-15
-0.2655450711557435
-0.5173189343823842
-0.2595077385696997
-0.3324926254455399
-1.4157825029456494e-08
-0.3756227522049668
-0.36147947900656735
-0.2635171999465152
-0.3912362178728019
-0.2180694933965098
-0.22699319779550392
-0.3527306110937336
-0.15601489228600549
-0.2959085675015881
-0.15206494141325103
-0.28874369762387675
-0.31557940280607377
-0.27148819667147833
-0.14036327932174025
-0.2537480446997227
-0.1434918386097525
-0.13249795834114758
-0.2624827125239123
-0.1715047483947346
-0.1453699862980699
-0.1245012697992959
-8.977064492581837e-09
-0.2229509073802004
-0.12204139500638561
-0.17943756717459938
-0.11735065274513562
-0.18440842011649206
-0.12030584082375531
-0.12283075410568521
-0.16552772306992003
-0.13002799760132933
-0.16621087235740656
-0.16291229631964366
-0.17815707795804736
-0.09929628465295867
-1.811580827512354e-09
-0.07064263856481066
-0.10829331585001403
-0.07444719971601034
-0.08640236152684638
-1.5997954404796553e-08
-0.10336090930510464
-0.07050048544960019
-0.053391143010013936
-0.12526580439532584
-0.1368734811394185
-0.05732772194676547
-0.06628705781850752
-0.1317826277705475
-0.08514623062260393
-0.040520738794319194
-0.06426131900945305
-0.07439185483809996
-0.04416736835839412
-0.03653526428084507
-0.051574057839207633
-0.04770965848914439
-0.03916620582961045
-0.0524965828273135
-6.770283636900069e-10
-1.838178080531549e-10
-0.12104717037200688
-0.0494637494323316
-0.042673234082127934
-0.5158532737580321
-6.068192018067804e-10
-5.516126193516344e-10
-2.797852710821872e-10
-0.035790466719034304
-0.5051646074221361
-0.04184860691673936
-5.790058991544341e-10
-2.0596986840597597e-10
-1.5193536451663148e-10
-1.7126040979813143e-10
-0.4181219314382235
-0.024633133783097116
-6.365221296248412e-10
-0.0295011947429807
-3.101493433129649e-10
-0.033423180040942344
-4.5301106203507776e-10
-1.6538541735507585e-10
-3.267125155147918e-10
-0.027175238398610243
-7.176257128464347e-10
-0.429602925472199
-3.413950792793612e-10
-0.01610575924010383
-4.122177999662395e-10
-0.014642683790008685
-0.37677146543967055
-0.3416801022807261
-0.015658631491428168
-0.262859829723167
-5.123233379795325e-10
-6.820596972208629e-10
-5.946379162179625e-10
-1.5762183864803956e-10
-2.836671047277594e-10
-4.2773547124257686e-10
-3.0227318511874437e-10
-4.6528772413286843e-10
-2.1543882815015875e-10
-1.2150677430233365e-10
-0.2702355088156302
-2.93006278429797e-10
-2.534652566233506e-10
-1.3939498969428262e-10
-3.221146867609414e-10
-1.4359144532306047e-10
-2.4313799217420463e-10
-1.186277083817448e-10
-8.402037104512458e-11
-3.8471901328595226e-10
-4.435428435105014e-10
-6.201737868153616e-10
-1.503009658678733e-10
-5.611431677227373e-10
-4.5423992555828674e-10
-4.172796839241816e-09
-1.86513129139871e-10
-3.2587762062269574e-10
-1.0025450672570648e-10
-9.560418798514597e-11
-5.92278737100283e-10
-2.8186596620291143e-10
-0.02275183666602551
-5.880316255388818e-10
-3.1046561026404624e-10
-0.01901937920648655
-0.017828493118619417
-2.2371179841095693e-08
-0.016766796065746624
-9.595965962941947e-11
-2.075011765205523e-10
-1.5187766502266282e-10
-1.4685993148107596e-10
-4.057092150758361e-10
-0.046936515564427635
-1.1277778020536868e-10
-8.377386199189172e-11
-4.410335713071461e-08
-7.494140211771639e-11
-1.9560658552360613e-08
-3.6504894140224175e-08
-2.632915383674971e-08
-0.03607703895174462
-3.695204083563031e-08
-2.700211894268544e-08
-2.1284902804410187e-08
-5.653830518538427e-10
-2.5611502314120357e-08
-2.7197468878246626e-11
-2.611233822779681e-11
-2.500282161912075e-11
-3.188415067263485e-10
-0.027727538146110804
-5.602266283064302e-10
-0.034629837708064506
-0.02499168883124766
-1.4351019777189215e-10
-0.028741477077279858
-0.02683560980966429
-5.520107479425867e-10
-0.033613065026853926
-3.094719392904808e-11
-3.010258513840319e-08
-4.991655289872047e-10
-0.015454731761587927
-5.438070172614688e-10
-3.466870860018032e-08
-5.396658695402108e-10
-1.5629198539333385e-10
-4.1930357007905776e-10
-1.821457162876662e-10
-0.026954071519515482
-0.03168993829264237
-3.01603929909455e-11
-4.879820564036501e-10
-2.4289880478856847e-11
-0.013079715176205495
-0.020959820490042354
-0.024658842673579703
-5.315043681652389e-10
-4.843169035646751e-10
-0.015373406051052144
-0.02893956274170943
-2.3983552020766937e-11
-5.130292225244671e-07
-1.7835744348387786e-10
-0.012531669744420477
-1.36271187232374e-11
-1.8896712449552936e-11
-4.4184420021138393e-10
-0.020979176766859856
-0.0194222031250739
-0.022760341746200265
-0.020648488960328462
-0.016989413244121756
-0.01420001118458834
-0.026225329815443524
-1.6381191324615504e-11
-0.01018367496314832
-0.009583754970891822
-0.03467784576785455
-4.5599265493116827e-10
-0.034038946386822234
-1.4221670311767797e-06
-0.025239401410121452
-0.02138306941508706
-0.019384704042979376
-0.022567916252497107
-0.00784589422896384
-1.4003386886108805e-06
-0.022224945790292133
-1.3858586541462952e-06
-5.746239464089856e-07
-0.007687623098499403
-0.012927464997685236
-0.02188774005336218
-1.4743738190364074e-06
-1.3710498224913223e-06
-0.00973148713031314
-0.009447436770242958
-0.008895995831424744
-0.008635381045771821
-0.008314946828876821
-1.3566211811939334e-06
-8.541397845525822e-07
-0.023378150289906786
-0.016721597963849935
-1.120495859565277e-06
-0.02468156326044844
-0.01737825060856549
-0.03046114685399994
-8.925191446734763e-07
-0.024221530460555918
-5.449453439310052e-07
-0.020274923734525798
-0.017109141194754433
-0.011863137713489085
-0.01684737773901201
-4.300469606299862e-07
-0.019285907641653364
-0.0063516194629385
-6.67309605284162e-07
-1.2355377467214872e-06
-0.005789585206984693
-0.019357589791944782
-0.006323876201283379
-0.011235761581125953
-8.568489337275593e-07
-3.8652013904211974e-07
-5.892126250224873e-07
-0.008431250703261596
-6.27130865419404e-07
-1.1316392870303593e-06
-0.01796477698662939
-5.687331527975745e-07
-0.017647853792609036
-0.018674313616935844
-0.009452734704713998
-6.777144308333034e-07
-7.845908789724919e-07
-4.815930572146106e-07
-7.639301728934224e-07
-0.011688995092196706
-0.010353606625260041
-1.0199667993970955e-06
-0.011515960929209276
-0.010203743458438927
-5.967971581881807e-07
-0.01135315397359829
-8.914737039892338e-07
-5.473846201832834e-07
-0.010851176379300262
-8.465790332056692e-07
-0.008415322539551604
-9.207681291004175e-07
-0.006924645584295529
-0.006632840669513039
-0.009802673842629447
-0.010396302159316603
-0.005944442442276059
-0.005561467376512531
-0.005396876634832434
-0.004487947355209564
-0.011289978474494877
-0.01145877630958513
-0.004765226986314687
-0.0046172735359272755
-0.004333976373512813
-0.009124196632856418
-0.008859015585433807
-0.0037026052371166066
-0.010942641772308942
-0.00960292117622678
-0.007093735932547685
-0.0029733382085329963
-0.004797224718443324
-0.004242328619973294
-0.0036310182147899213
-0.00841942797156176
-0.00307230131774252
-0.0029651138081951576
-0.01001464216923362
-0.004261522279309809
-0.003875157947023332
-0.0036394356158348084
-0.0065085278677740966
-0.006698008787848656
-0.00798724489744108
-0.0006140647957030104
-0.0012174734538627694
-0.0023021355164198273
-0.0008689346707624164
-0.0008392854365198873
-0.001886704434278903
-0.001816456321261631
-0.0014025351508110552
-0.0011707915676856528
-0.0010392452383847415
-0.0012535471770320295
-0.0005993149529836852
-0.0005494838180448572
-0.00805335862002244
-0.0008145348795087922
-0.006545745050770463
-0.0059863132777565106
-0.0011112004430279907
-0.0009006736828398
-0.0018661518484090055
-0.000787896015263937
-0.006552956595690584
-0.0008707459626964872
-0.0007744638313071178
-0.0007144244173462016
-0.0005676244031835896
-0.0007618249438345891
-0.0011526827467660925
-0.0019340183832217144
-0.0009201398202076724
-0.0007488632027375077
-0.0010251262313095261
-0.0009044712731838559
-0.0008272682838853327
-0.0018925422428138464
-0.007452672839606676
-0.007239981028116034
-0.007885649296224213
-0.000539437874225356
-0.0005684022339115299
-0.006255970800834713
-0.005893221583088105
-0.005551249740645217
-0.005232619164677993
-0.005088067747886666
-0.0006563125093405758
-0.0060036612344448025
-0.005487042901703633
-0.005172802588917887
-0.005020883795758548
-0.0032420781651428003
-0.006233932584997185
-0.00519552566701028
-0.005041352920847042
-0.004894211028666287
-0.004752655926694286
-0.004613929596905197
-0.004320392549482384
-0.0035670053189734985
-0.0034228344431599268
-0.0028565634838392043
-0.002203843488607601
-0.0007992217889787835
-0.0037877874549302262
-0.001123000113749304
-0.0007851334019453158
-0.0057609388241985655
-0.0049481994075767245
-0.004652407910502092
-0.00420323525476117
-0.00051807361948289
-0.0006276396507715679
-0.000943947924331584
-0.0064382220748314106
-0.0013426506865761513
-0.0014870224378191212
-0.001771140276869398
-0.0005686973263509923
-0.00634281161251124
-0.0005022082087660542
-0.00565063082084751
-0.0004954737927902035
-0.0006040803936401123
-0.005296581323299137
-0.0050018202009211405
-0.004856846304155282
-0.006165358892503006
-0.003079903244328585
-0.0029893294196445684
-0.002899592732142074
-0.0026510096627036187
-0.0025720577296725706
-0.0023487195015822913
-0.0005943581441787394
-0.0018987913606292185
-0.001783741028791981
-0.006078945583759343
-0.0014176961530311188
-0.001686361380248715
-0.0012677094018901359
-0.005998303539557204
-0.004248273776139404
-0.0008770647200508746
-0.0012516036246588852
-0.0035096581362854423
-0.0007109734968058291
-0.0013900729406397289
-0.00021662249654858843
-0.00023104561199490485
-0.00025481586096042733
-0.0005252317291769213
-0.00027142092872268147
-0.00027988851692817225
-0.0005640609816588216
-0.0003302715173186504
-0.00577387944629854
-0.0006331329110563942
-0.0014475588467132618
-0.004755623518484252
-0.0034881605843547062
-0.0006846222426005831
-0.0003940436929661307
-0.0005591014413026075
-0.0015923511186806052
-0.0014299095868715657
-0.0013309618336480766
-0.001733552217138627
-0.000508588272766787
-0.00021700503102709155
-0.0002254756932231818
-0.00023330573934130864
-0.0002411283048783139
-0.0013147790051167747
-0.00024908119024166846
-0.001097337708349386
-0.00018287992749172635
-0.0028391759764219504
-0.0025827725430642716
-0.0002659106954039268
-0.0025042845529262107
-0.0011756855504132802
-0.0002747668823495405
-0.0004108002841154139
-0.00032699656997044906
-0.0008189730812527468
-0.0002939682656707893
-0.000541974742225721
-0.0006049435433884052
-0.0011618792304944902
-0.0002099071841967395
-0.00018862866104118415
-0.00021894340117888632
-0.00022602683229181294
-0.000536072528555966
-0.00034721453875671067
-0.00026522381975087604
-0.0007416173543497409
-0.0002844635294190899
-0.0022843536957601416
-0.0021252063939875966
-0.0011365592445378547
-0.001358598573825908
-0.0012641718666566975
-0.0006416755048402216
-0.0005858135481451326
-0.0012491763230152964
-0.0004108642321304384
-0.000725373517176656
-0.0001770326492754488
-0.00018845116531247225
-0.0005808311470379972
-0.00019423414660307627
-0.00020635340485320757
-0.0009295545066596444
-0.00021273584890154124
-0.0002399095662398314
-0.001461590000113164
-0.0011001799782617216
-0.0002706632171803778
-0.0009189477387522948
-0.0007665621935554266
-0.00016157134869152197
-0.0001842754291441612
-0.00020761743686568756
-0.0007508816900287653
-0.000560273785865991
-0.0004039366446919666
-0.0032589527797079938
-0.0021072590159224988
-0.0005566102638106945
-0.00010958432591801126
-0.0008281245669560894
-0.0014174026566946944
-0.0012712359633523594
-0.0005532757827966143
-0.00014501193513979252
-0.00010543372317125837
-0.0008217155244464009
-0.004285158583904206
-0.000164200891130445
-0.00016829947326045948
-0.0004894818416407102
-0.0005465198035552017
-0.002069887416109176
-0.00021826274033764098
-0.0005910610983390479
-0.0004467722996118614
-8.99041193655129e-05
-0.0012458835245768465
-0.00015048903607663817
-0.00028035080720544784
-0.000587478589206102
-0.00015818487291030856
-0.0005405772086574075
-0.0004443334305680332
-0.000311798395088685
-0.0001781657255908431
-0.0018220322369570763
-0.0011529873708245881
-0.00018958808127469878
-0.0005841700528407782
-7.983614627558684e-05
-0.0003688319991713651
-0.00044209261175547803
-0.0008626438951413714
-8.61331400085957e-05
-0.0016696866473555022
-0.00023887556848530909
-0.0005353674865830663
-0.00058121861730236
-0.00043984027928702416
-0.0009543681395657736
-0.0007145436194767751
-0.00010548521362753183
-0.0018097189292179438
-0.0005329523574033163
-0.0009496793568238485
-0.0001360030584588741
-7.026586366118648e-05
-7.208370278196898e-05
-0.00015438983093492048
-0.0007073489356860917
-0.00038341710842416417
-0.001800625411327915
-8.840728297632401e-05
-0.00018529120040861882
-0.00045844403323637846
-0.0004333702398022166
-0.00022686772522456555
-0.0005536933534303443
-0.00013485016535881502
-0.0013539607914144504
-0.00014606045313192916
-6.189784451646499e-05
-0.0003021978099501802
-0.0017923026199745298
-0.0013491950582648258
-0.0003383333289101318
-0.00019454295733066672
-0.00112517099257141
-8.754862667600824e-05
-0.00021539428341285592
-0.0006466914407665978
-0.00022095411958219252
-0.00023254858761002638
-8.402319813976857e-05
-6.034657943269238e-05
-0.00026640601967268325
-0.0004950009490869057
-0.0016373350932088345
-0.00031838342183858825
-0.0003347137372042019
-0.00035254737457118525
-0.0016367586722170425
-0.0001589027992286758
-0.001338486106345835
-0.0014540837264341469
-0.0010043948904865556
-5.602967694715752e-05
-0.001203762669271586
-0.000930767069080776
-0.00019776718831210425
-0.00021925443068595839
-0.0001321462944223094
-0.0005259345654866043
-0.0006943128284555407
-0.0009299030531011186
-0.00013677283477143035
-0.0010031430144073928
-0.0002868907261609339
-6.548347942617633e-05
-0.0009297007942973525
-0.0003050758577341918
-0.00017230400773677728
-0.000324466794591428
-0.000640042022028406
-0.0017781502321236864
-0.00022619514288434997
-4.621924157109746e-05
-0.00042549116002535116
-0.0006930065028091059
-0.0007732103632156558
-0.0004618036833426667
-5.587930776947622e-05
-0.0006395367081768338
-0.0013406451437146451
-0.0008347893948209503
-0.00012145640135155133
-0.0010040742973467238
-6.550197222069265e-05
-0.0003753347982728622
-0.0006392607377935879
-0.00031939586706028646
-0.0025404793319990285
-0.002282079344644822
-0.00033641796519290096
-0.000154153107432086
-0.0016458692582979602
-8.364198575183208e-05
-0.00016197711966833782
-0.0010049022704315955
-0.00019152049360040053
-3.973027202601957e-05
-0.0013466630649267793
-0.0010065676567741612
-0.0004793845835095187
-0.0028442039609165456
-0.0011219817840206546
-0.0008364084678316885
-8.590269248938778e-05
-0.0005179028798974358
-0.0006937385468477487
-0.0006400315956512803
-0.000531276512881183
-0.001212755558818469
-0.0002597515356048559
-0.0002668160445118601
-0.0009338887498926638
-0.00027397223228155926
-0.00012897906387913767
-6.656437528464483e-05
-7.021977779472484e-05
-0.00017247264129489285
-7.673336547408348e-05
-0.00011449979601550539
-0.00030006851702844085
-0.001619789777737168
-0.0015115126602002528
-0.002086897126968744
-0.00197779650823424
-0.0005634100510355277
-0.0010359472052235952
-0.0008393259033374005
-0.0007979550864280976
-0.0007571573169398314
-0.0004243412964154297
-0.0002711836396922611
-4.888563842671965e-05
-5.309392668724166e-05
-0.00044680177494904784
-6.093987735666396e-05
-6.261201571932931e-05
-6.79729320443671e-05
-0.00030156181061143057
-7.3132057850922e-05
-0.0004835634365183468
-0.0004966683566743547
-0.0006432170884681567
-3.841491061622603e-05
-0.0002342215890049533
-0.00024319362257462917
-0.0002277378086746026
-0.00019966863510896465
-0.0004308292406901872
-0.0007082218517418708
-0.0009080622393932868
-0.0011326525981488918
-0.00024019844229622876
-0.00107580211700981
-0.0007889551373152333
-0.0007581622240213588
-0.00016794732258536575
-3.9363576029437896e-05
-0.00015571333971730572
-0.00034470468614176654
-0.0003328318986378914
-0.0002870148963351596
-7.658905494090712e-05
-7.032077508538908e-05
-0.0006282675323579859
-6.294837116755128e-05
-6.122719727340208e-05
-4.507734723855657e-05
-0.0016129791995784883
-0.0015234008506959315
-0.0007107368374355005
-0.00015568747744619063
-0.0002733038309343005
-0.0006295887012308857
-0.0002005013672220341
-0.0006307934727161032
-7.412755824748181e-05
-7.008583902685314e-05
-0.00038090197596965
-0.0002224662753481481
-6.271284858356352e-05
-5.77339087976578e-05
-5.462551616357139e-05
-5.1662471072314085e-05
-0.0006323674433055713
-4.951687920569119e-05
-0.00015569461374642063
-0.0013326173288978503
-0.0003816797015062909
-0.0007092357966261871
-0.0008571035207184204
-0.00022291530502155564
-0.0001682326598002196
-0.00014036562337671447
-0.0007019254684196784
-0.00038279656596603296
-0.00031450030166623247
-0.00020117061305204538
-7.497973591255616e-05
-6.28701010958029e-05
-5.864577595618973e-05
-5.2773398406112006e-05
-5.100931409273819e-05
-4.9285264640202317e-05
-4.5918848469204024e-05
-4.4604024365171287e-05
-4.362787230732305e-05
-0.0007593317274483572
-0.0009430181939226352
-0.00014054373356366624
-0.0009224102082969468
-0.00035877761027026765
-0.0002855144800333727
-0.0002458855861796822
-0.00018698428322500992
-0.000168731410252989
-3.769743071088595e-05
-0.0008012689657017865
-8.592240115144324e-05
-6.746107384251317e-05
-0.00020213450103048327
-4.1203351466165855e-05
-3.975542729686155e-05
-0.00036044663328767815
-0.00024551680464258155
-0.00012970476342600011
-0.0002960413812411179
-0.00032430475852257795
-8.025263273928359e-05
-7.496357854778916e-05
-0.00016978568543218268
-0.0007943209607656236
-6.280772206264741e-05
-6.067235712548915e-05
-5.859763481752628e-05
-0.0003263363886142334
-4.253020324010978e-05
-4.035762145132579e-05
-0.0002264723191514908
-0.00017011345365206709
-0.00022710482122906015
-0.00018921200347226427
-7.248147913196235e-05
-6.51338267965439e-05
-0.0007409763035862955
-4.733315949914723e-05
-0.00013467314339951457
-0.0002465848244493819
-0.00033355828860159365
-0.00011963559458661408
-0.00011614196761105542
-0.00017135875935532272
-0.0003160121858638404
-0.00022916536363610788
-0.003937238693139321
-0.00017179104322840357
-8.08784831541628e-05
-6.086817983447714e-05
-5.874627150978215e-05
-5.6664285486221494e-05
-4.914627017354114e-05
-0.00022988928938686844
-4.4160807931424004e-05
-0.00019192649142638397
-0.00017276418323339078
-0.00024986884055790663
-0.00040861341952768825
-0.00034359739837909405
-0.00027363706133497423
-0.0002985018935377335
-8.989102146612675e-05
-8.124421324607267e-05
-0.00019277048451760953
-0.00013129204362288626
-6.79249042895714e-05
-6.326983719010672e-05
-0.00025125000217126117
-5.287759515134792e-05
-0.00014426529154036604
-4.4245374394252966e-05
-0.003948230718999899
-0.0003590758188896645
-0.00034066314292291737
-0.0002915726527055371
-0.00012784170034131954
-0.00012216096094136962
-7.909163921070865e-05
-6.368966463315215e-05
-4.608977886339587e-05
-4.449604830749001e-05
-3.856366934435046e-05
-0.00026561731983845336
-0.00022438791276320531
-0.00018613561089093452
-0.0003125565836007845
-0.0034424576132421098
-0.0001478079003726671
-0.00013496324545380066
-0.00012898324806478773
-7.602710794705133e-05
-6.388998467723012e-05
-6.208233467281181e-05
-5.522502329887376e-05
-4.509853365215139e-05
-4.1348150221683235e-05
-3.789873320455599e-05
-3.682112263563002e-05
-0.0031396943858987996
-0.0002968508094495194
-0.00022046404628435552
-0.00018560724592614331
-0.0001752827778490819
-8.95535986134178e-05
-7.989189638965792e-05
-7.322835531626911e-05
-6.0197900979895766e-05
-5.484361224277209e-05
-4.581649795507862e-05
-3.530403753705573e-05
-0.0002853067669607884
-0.003760971414512641
-0.00022951414809779794
-9.427967406382748e-05
-8.843570020196972e-05
-0.0019263864175619206
-7.876991244085783e-05
-7.539208675565625e-05
-7.175920686418145e-05
-6.939669704492754e-05
-5.999250952780226e-05
-0.004870247846619568
-0.00027048556663254996
-0.004453818623325032
-0.004902949769233613
-0.0022141307231894297
-0.00010187722546660098
-9.893578700368722e-05
-9.474354986386383e-05
-8.651651121690862e-05
-0.0001906605844818536
-6.969874097771383e-05
-6.114050970911973e-05
-4.4502703313891144e-05
-4.210072526575376e-05
-3.556583008651118e-05
-0.00453806598114616
-0.0020695686346544925
-0.00026708434121587745
-0.0049728640830527275
-9.157396527049958e-05
-8.628299958662601e-05
-8.140902609108836e-05
-7.905853415343093e-05
-0.0001589725613339241
-7.455866455142065e-05
-6.434739381870841e-05
-6.247266759310204e-05
-0.0020920085724276637
-0.0014378457215849195
-0.00012622201546399174
-0.00012303224259269972
-4.7640383460054154e-05
-0.004986680282708415
-0.01729998017874905
-0.0033022470077289706
-0.0037163435702953773
-0.00026005647762891693
-0.0023222277864775116
-0.00024123289003871035
-0.00023219724599901596
-0.0012955266313589323
-0.00016553869365535095
-0.0014936401918674573
-0.00013757126741108523
-0.00012807054055607214
-0.002349560583199501
-0.001260243923136229
-7.573618103677054e-05
-7.351990059255519e-05
-0.005000492583461353
-6.343303818976006e-05
-4.8306685619255015e-05
-4.537127691459713e-05
-3.793340466951679e-05
-3.3922062883183684e-05
-3.2233771624835074e-05
-3.0822578174513126e-05
-2.9044533673788333e-05
-0.00021177724200152696
-0.00017397527873720556
-0.000162939626743616
-0.00015880722356871214
-0.00012274953302259876
-0.0018130075867750625
-0.0027122097996499055
-0.0017442653526285822
-9.45862571092154e-05
-6.045843825255122e-05
-5.491863208407839e-05
-0.00025795529725194114
-4.329372230677858e-05
-3.4310872441039404e-05
-2.9212145659295193e-05
-2.8406201889273334e-05
-0.0022428449756024
-0.00019050991878622118
-0.0001671048373379047
-0.00015707779149321587
-0.00012768852510809146
-0.00012447720256126855
-0.0012922320153566315
-0.0024573256965866727
-0.0037351725803428733
-0.0017676071208726422
-0.0017139120312117731
-0.004008122757374986
-0.00019199236327256604
-0.00016250489038581648
-9.27835816985403e-05
-8.709450885480088e-05
-7.905293995220117e-05
-5.5914480727223024e-05
-0.005012340044792559
-3.507961190394588e-05
-3.292584573195921e-05
-0.0028740653861977013
-0.002906499277967316
-9.157929384510783e-05
-7.876515700769566e-05
-7.195970968906766e-05
-0.00021030924732743053
-0.00020081574926956406
-0.00018466188647390524
-0.00017144429973877512
-3.5407670346604406e-05
-0.0025748551440608254
-4.387094683207801e-05
-0.001066481422347628
-0.0022130377563497855
-0.0013822314604801217
-0.0017402075400369185
-0.0001903837925137411
-0.0019833193605861246
-0.00017672580835879922
-0.00017015579642602454
-0.0009149104442651965
-0.00016099468905028086
-0.0038954419407817935
-6.85942238754966e-05
-6.257307142888955e-05
-6.070955775700296e-05
-5.721687375638387e-05
-5.024924378463644e-05
-4.691594243436833e-05
-3.7994542827821256e-05
-0.0049795759623218055
-0.001361527749790277
-3.168934549602655e-05
-2.8946971026097183e-05
-2.7043661831352348e-05
-0.002492405371414127
-2.2673546268409425e-05
-0.000649218050939943
-0.0017701132851066146
-8.46785622610413e-05
-0.003063466263446539
-0.002692559725632776
-3.5840343605630184e-05
-0.0006350732497841703
-6.335327362376014e-05
-0.0012187723582465402
-0.0015539686811070158
-0.002068169290463255
-0.0012734727968929547
-2.355612551777383e-05
-0.0013354498400657347
-0.0017043160317995155
-3.5237250448996125e-05
-0.0022235022678190326
-0.009867185878636693
-0.003488994559643914
-0.002458315112375358
-0.0010638017576248939
-0.0038248621396834354
-0.007472790889480752
-0.006950567900622688
-0.00721557469836857
-0.0011213408237033006
-0.004497193181782829
-6.422892228080446e-05
-8.869744341672099e-05
-0.004479549452239678
-2.9626446951991904e-05
-0.004888624925036611
-4.002026735999899e-05
-0.0018647359076845347
-0.010261232203426526
-8.656830185082212e-05
-0.002730769849035562
-0.003540939427997414
-9.439935031297919e-05
-0.008625281459437155
-0.007499797947163334
-0.005734173910080724
-0.006259446901976905
-0.0014796011897626321
-8.681405882478246e-05
-0.010356267272249824
-3.593359065459891e-05
-0.0002009148615091124
-2.6245405027696217e-05
-0.006246443263875866
-0.00018433526615195198
-0.0001780987642120828
-0.00017250240849764678
-0.0104711920870204
-2.8594296162625353e-05
-0.0022538853809331892
-0.006227789111111684
-0.009108382491957145
-0.0029213412663105873
-0.008738326461631049
-0.008058115586431243
-3.0058472530838686e-05
-6.564873422599158e-05
-2.8729467654801388e-05
-0.004811728920673435
-0.0017947539303391107
-6.582817978221846e-05
-0.006188026154330935
-0.0012510425001583093
-0.00017450535555547006
-8.832883723125714e-05
-0.0001593630895015981
-1.9001326734923578e-05
-0.007698644994961931
-0.00014113370799639688
-0.0020628030907284913
-0.004789952895813369
-0.004365506921793679
-0.0017411275538338413
-0.0025081866074395894
-0.006144396748982452
-0.005617873275779517
-0.002865304933333412
-0.00017591861681322173
-0.0001570089737569106
-0.00015116474437425724
-0.00014665901897839155
-0.0015144839122515261
-0.002298632753661906
-0.0012762386384790893
-0.004743527447541773
-0.00312697819604044
-0.002267679219421324
-0.0016997639322864618
-0.0069876252895947
-0.006109597349639778
-2.8238328808460304e-05
-2.9118837496512165e-05
-0.003872940360186531
-0.007618868207897207
-0.00928906535303597
-0.0014722463228734205
-0.0011500722243788306
-0.004694782514730065
-0.0016092053615829468
-0.0001483450500991221
-0.007602771148980113
-0.00024274352451496815
-0.006955535727806325
-2.680242958982326e-05
-0.0018692457060709596
-1.864622536129158e-05
-0.0012450251212822185
-9.697156724881266e-05
-0.0021761505710290023
-3.547910723341595e-05
-2.1564363841695832e-05
-9.010053889846542e-05
-0.010716010350911286
-0.00017961378986914778
-3.3823216721830584e-05
-0.007559098284623844
-0.00847995309228182
-8.14996611270948e-05
-0.009180391411463651
-0.0012651247993048923
-0.0019317286090973545
-0.010512119699482434
-1.9559774102753717e-05
-4.279466954491141e-05
-0.0008152899459300923
-0.006879700563772843
-0.010069458177316698
-0.0013495602883529718
-0.006000195134432384
-0.008443062182578271
-3.080872660754317e-05
-0.0010724630541569804
-2.1703983651408046e-05
-0.0006262207373916797
-0.00019565621722979313
-0.00018062763710763527
-0.00017587680299229074
-0.00016484255863179233
-0.006857393197544802
-0.0009330202089620295
-4.302752873752038e-05
-0.0068653581752923885
-2.800887502313876e-05
-0.0016353234165529546
-0.00021050343797242318
-6.417449297904149e-05
-0.0074098273852432565
-0.00025242381982034425
-2.3483978451509185e-05
-0.00014283335544744037
-0.0010727197054479734
-0.0004858538278844943
-2.535511688246339e-05
-0.001165795375854867
-2.1375600036136722e-05
-1.940444289772251e-05
-0.0018777101104702784
-0.002147777931879215
-0.008250618469428777
-0.00047472879944480826
-0.001984086783155506
-0.000151983996324072
-0.0015465334384393047
-0.0006141776284827521
-0.007974555182792933
-7.676929689097334e-05
-6.676960876124309e-05
-0.0016456579851741166
-8.53099939879547e-05
-5.5059556265384554e-05
-8.212156677260213e-05
-3.8511081535497806e-05
-0.0017387334187283694
-3.474414179663009e-05
-6.288115853339045e-05
-3.6603110869367826e-05
-2.2405649848263505e-05
-0.00017213036783052759
-0.0015236734855530291
-0.0011872544247785231
-0.0025643195671576006
-6.709965364902388e-05
-1.568903013985935e-05
-4.299860242147438e-05
-3.720511669818094e-05
-0.0020640590856206456
-7.731376400243386e-05
-8.532714878330789e-05
-4.9899084216662437e-05
-6.131169525513601e-05
-0.00015734175043490784
-3.291667663096266e-05
-0.002180433976344625
-0.0018213507149045188
-0.00011478899968202547
-1.5352239564689116e-05
-7.749102371355801e-05
-0.00020373265408679908
-0.0012333706016794332
-6.147405430786811e-05
-0.0012669385311935492
-9.692821710986522e-05
-0.00010295423452324133
-3.261681763947453e-05
-0.000803814914491286
-7.765910424655427e-05
-6.751392730843287e-05
-3.737548157899941e-05
-0.0025678429494078213
-0.0010131772962797966
-6.162507781193155e-05
-0.00015697465822765835
-7.795112800103821e-05
-8.522538134496746e-05
-1.5024061495006038e-05
-3.202849643110643e-05
-0.00017502106922444874
-6.182739959854768e-05
-6.787357956851932e-05
-3.756830912850874e-05
-0.00014191664238276708
-3.158719827204476e-05
-0.0009207454608188762
-0.0005718208557136104
-0.00010444341083742916
-0.001971535276390306
-0.0012530262770884155
-0.0005010984639680995
-0.0009988209586373597
-0.00011963379290800882
-0.0013408236964397933
-0.0008348411624227441
-1.533110097402192e-05
-9.682333163300165e-05
-1.4515294911388874e-05
-1.363451599342849e-05
-1.2897618127301297e-05
-5.4782721718985924e-05
-6.817037425959305e-05
-0.0013962155801106263
-0.0005438692533065414
-4.364045798135285e-05
-0.0006831679361290833
-5.482069317163687e-05
-0.0011216927274055278
-0.0011525278336284152
-3.104186127843823e-05
-0.0004363197822012992
-0.001221029700838498
-1.2991334709682945e-05
-1.6578418683925853e-05
-0.0001064003032768631
-1.1298490275782599e-05
-3.025163440609687e-05
-0.0012932339321709652
-0.0008462640288412691
-0.0014158506167809809
-0.0003481689606787033
-0.0004534190244025396
-1.363084903809299e-05
-1.3365010087563561e-05
-1.1435615603826343e-05
-1.0367071079133077e-05
-2.8814131812376805e-05
-3.1742301796386176e-05
-6.237620436304412e-05
-2.6896210694348156e-05
-6.15563425355584e-05
-0.0009217495767780711
-0.0007360478606591504
-8.642115043227473e-05
-0.0004970066057240489
-1.0465199094905468e-05
-5.082484135277834e-05
-0.004299336666494253
-0.0034430042002022987
-0.0031584510618097345
-0.002896983564267424
-1.6433466738284835e-05
-6.159447234264062e-05
-0.0007097360372445693
-1.6427594639313786e-05
-1.4049702231201688e-05
-1.1055414157900634e-05
-2.543238627484281e-05
-1.641914907184253e-05
-2.9259400640311327e-05
-0.0010377683454714385
-1.6377110946561463e-05
-0.0009857803341329309
-9.688334629469546e-06
-0.0008385322704426189
-9.167600671178611e-06
-0.0006854325490629255
-2.5257760870452447e-05
-0.0004529020720708109
-0.003313230781820168
-0.0022975957945120164
-0.001312968330869539
-1.2272415334978157e-05
-8.040196687059998e-06
-0.0006477721555020074
-0.002782585567402892
-0.0005854385661997164
-0.0004893270354593434
-0.00031829652601229826
-1.0188193547540458e-05
-0.0020788475429530575
-0.00101046589918759
-1.2075304372881242e-05
-0.0009164067780398818
-1.090092446556676e-05
-8.51206684591916e-06
-0.0026653995251649733
-0.0008712622654822584
-0.0009892290153702286
-0.0018018058117182144
-0.0008191673421554038
-0.0003035737818040241
-0.0030295363108273554
-0.0006094481189687358
-9.767285801912979e-06
-9.023619884226328e-06
-7.527460340748148e-06
-0.001140386374094966
-0.000330092125222115
-0.0005833407273049975
-0.0007679302447242272
-0.0017394391519917043
-0.0004585553104656931
-0.002716232494420765
-0.002061983737158972
-7.5011285699157636e-06
-4.259979047274834e-06
-6.7714384227145815e-06
-5.647571508725579e-06
-0.0005940154584801912
-6.76611618904002e-06
-0.0005183490677585733
-5.213443011377491e-06
-6.24644679520359e-06
-0.00041394439459988794
-0.00033761829702960396
-3.576662656027939e-06
-0.0007333068179469309
-3.4244632369546002e-06
-3.251728119207568e-06
-4.278691098833895e-06
-4.162663348916323e-06
-0.00225315400935487
-0.0004924850369719183
-9.32160793002645e-06
-0.0009172649468698123
-0.0004130554550023994
-0.0007564328289814546
-0.0006182934587500013
-0.0003213391795069247
-8.045806283414425e-06
-8.830646808078186e-06
-0.0004504548877700159
-3.985075390338446e-06
-4.096919411372685e-06
-3.07197302216994e-06
-4.377139943569881e-06
-0.0014284221408562355
-0.00047031126762599076
-3.031099716987492e-06
-0.001694916261618575
-0.0018659717921920343
-0.0005381722102083927
-2.9066830949265405e-06
-0.0012771644478665315
-0.0016750000985816165
-0.0014640303188218284
-6.489749783076543e-05
-0.0006038064994301166
-7.096565877788245e-05
-3.889765073755626e-06
-7.0874277321512e-06
-0.0004973815826449532
-0.0006818512279983291
-2.630838265556408e-06
-0.0003792273941658021
-0.0015057756071184885
-0.0013177535605510928
-3.2841208557266026e-06
-2.8670447616198662e-06
-0.0014017995727916147
-0.0012319547092667419
-0.00027582613738239177
-2.825138356691464e-06
-3.0542008300576056e-06
-0.0013550426921004755
-2.777754882026801e-06
-7.187964982917725e-05
-0.0023528011994243514
-4.798093834456075e-06
-4.574222007789941e-06
-4.327960383707877e-06
-4.1600091157205134e-06
-3.7158016521955415e-06
-3.480755680875116e-06
-3.054086624067244e-06
-2.9822190676968682e-06
-0.0007422812920928377
-2.3279414730224305e-06
-0.0019988673124963427
-0.0004323522189027731
-0.0003175595398070108
-0.00030211181972187754
-0.00022385476357929992
-7.238418395801164e-05
-0.001744521635740789
-1.4368821676879042e-06
-1.2633604729484224e-06
-0.0021977659333513836
-8.434556776523019e-07
-5.545231946391123e-06
-2.0874899302392546e-06
-4.145886905508703e-06
-2.9769069116388043e-06
-5.429817784875971e-05
-1.8836791800595711e-06
-1.3976774896901192e-06
-9.312036738442563e-07
-0.0018434544790208198
-0.00032979661500059384
-0.00019938275517942326
-0.00028402826108725406
-0.0002570653950534327
-0.0002445494034906433
-0.0002325959046664725
-0.00022125923131553424
-1.5704612961685763e-06
-1.2850723541994674e-06
-9.287850104515702e-07
-0.0016753034913378662
-2.0763988073406218e-06
-3.132573920445464e-06
-1.3901284831223282e-06
-5.017323213989552e-05
-1.278026857798286e-06
-3.941034604067248e-06
-0.00039323855128605047
-3.725991922456933e-06
-5.270577312043275e-06
-1.5571800672272015e-06
-1.3823066974229017e-06
-1.2742541010856501e-06
-3.5106565114716114e-06
-5.4920291121818095e-05
-0.0003049232815115821
-2.859816207683913e-06
-1.552486986935894e-06
-1.3784435859125914e-06
-0.0002128272315059104
-1.123512719577133e-06
-4.56019071370156e-06
-4.40430082920786e-06
-2.5230429439892526e-06
-3.0981270140331812e-06
-1.374214925964363e-06
-1.120108374436322e-06
-7.368764675513202e-05
-1.3702170698445795e-06
-2.0439277871675496e-06
-2.821480997022133e-06
-1.1135548790197542e-06
-1.537105615645051e-06
-8.463223405216727e-05
-7.45773984201936e-07
-4.2536927277043806e-05
-1.1099576158763204e-06
-1.022892591126535e-06
-0.0012229386967498037
-3.122440098736267e-06
-3.275479869526714e-06
-6.606410100241889e-06
-8.352318950742707e-07
-4.1079559818787245e-06
-0.0014988407815736716
-1.5234190091726568e-06
-7.427975249964194e-05
-1.2470153481420615e-06
-7.032446767239009e-05
-6.308215931519438e-05
-8.995477169062201e-07
-1.01293056702861e-06
-3.6815100594674567e-06
-2.5553394376567747e-06
-5.342527065961004e-06
-5.399081973934526e-05
-1.8463973305287494e-06
-5.324679475509058e-06
-8.26956064771748e-07
-0.001653494561606105
-2.4785525747339617e-06
-4.309009733425558e-05
-7.130098854138657e-06
-8.26757403054041e-05
-3.1190436793355617e-06
-4.036948682477119e-06
-4.575238766461462e-06
-0.0016187295045768878
-3.6204526397663056e-05
-2.9389905060633367e-06
-4.1267263740515867e-05
-1.3613107126898144e-06
-1.1119128398988085e-06
-0.0015793298635199788
-1.7171547914114698e-06
-2.7520989925017256e-06
-0.0017426933106163586
-7.428861473326328e-07
-4.04920850680638e-06
-0.0010204883943699399
-2.4066102498865443e-06
-6.391143116368304e-05
-2.9718890414910985e-06
-0.0015120294655376185
-2.2938387864635085e-06
-7.037541766345989e-05
-0.001149413979275295
-1.7081385195819915e-06
-9.099708634657783e-07
-7.974458785354329e-07
-1.7713877371502117e-06
-7.481008591771469e-07
-1.3636668336190411e-06
-2.7292949270813844e-06
-1.3154551028681685e-06
-2.177927265362821e-05
-4.2790554519352205e-05
-7.984664533700278e-05
-3.367666041236558e-05
-7.335659997544102e-06
-6.307572235233402e-05
-3.690226203082805e-06
-0.0010640979108263837
-3.2469278163631072e-06
-2.381448229830595e-06
-2.1722337090921406e-06
-1.9135580784993843e-06
-1.4747290691504154e-06
-1.249734450268014e-06
-1.0786305397914467e-06
-1.045029005012506e-06
-9.806302950482668e-07
-9.498647622974391e-07
-5.4648009273151314e-05
-8.10303380337907e-07
-0.0013211131932111635
-1.9170218085051846e-05
-5.3731019503429685e-05
-0.0012776746107324851
-6.715286836845392e-05
-4.8607832927188807e-05
-7.653209923173487e-05
-0.0008501968473577718
-0.0011258516131836278
-0.0009900955746203158
-0.0008940418723881681
-6.306167825639355e-05
-7.098432673636336e-05
-4.370831292335384e-05
-4.257500745918656e-06
