-0.45465816912882284
1.0288869939580405
0.42627610098330776
0.5193507609356209
-0.454123989296509
1.0506807657763955
0.5407626056889219
0.07355958592452097
0.6392377013811777
1.190254296902825
0.9616120377483985
0.4011584497775961
0.4635070920140434
0.745900947556581
0.8348506774174361
0.6031141166050731
0.20702365975527376
0.03843723920571462
0.13631004895131754
-0.177299604401851
0.15154003184868575
0.6944123215015449
0.3702993278527369
-0.015701854100859777
0.09218051269589468
0.706970703189296
0.29303426613249817
0.8770747006753249
0.7505803959600095
0.3841696045167298
0.5342530212440767
0.09080951179614975
0.7076785932245241
0.5136022895914326
0.8995245902654253
0.6867357349865028
0.6841464008672945
0.46942341635684637
0.7242262705154338
0.7079403641884939
0.6006913360504275
0.48740029324692613
0.7232923962950161
0.1451709033036206
0.5466283179461798
0.8047271083006216
0.7279079010438417
1.2169876671400157
0.6843909945376876
0.763866805730546
0.7165415988711323
0.6207625780773285
0.6541832554141838
0.47843685487340115
0.07574757837120787
0.891252002538939
1.1335330753758834
1.2055616690659945
1.0383910954953468
0.546777910753358
0.3741636400431766
0.563189316659133
0.4573950511226489
-0.01537827876449084
-0.5004080868273388
0.7088088590845457
0.9911645277633576
0.3139130810471524
-0.48878903679711344
-0.3418347496444015
-0.13432140115026417
0.152808701845423
0.526382273700795
1.0951106522360843
1.0908565419598097
1.0659187039355322
1.33280585493867
1.2129726407647288
1.111352053711629
1.176681842314389
0.8332847969906264
0.8046145069225256
-0.017664818263346867
0.7438443021484451
0.2576065023134299
-0.08841502688125706
0.48587339474002783
0.24850073997870892
0.13906712847896874
0.017393627985907566
0.28713088191233765
0.3291536318261703
0.634670672874292
0.7805652938696026
0.6958595015499006
0.5446446279793609
0.7251185762375162
0.7005126941800566
0.5253661362641706
0.5987494958143159
0.4610239918580998
0.43564312166522834
0.40154775666636233
0.3290697328401591
0.6003730891135748
0.19683980758881092
0.329842387444056
0.9406095226245857
0.2971438042689849
0.18977198848514606
0.5800284320225292
0.2910350401654476
0.2510976778534961
-0.029102208621264367
-0.03993304013186835
0.4335641668630755
0.2443087667997737
0.19862044093528095
0.1509505468217589
0.15371986503989368
0.2202014469202856
0.7382658510347043
-0.3177805195482121
0.4454585850500131
0.040990325465142925
0.2889501962417927
0.6994803197332661
0.3243996167882753
0.2726509235570759
0.2091790488786172
0.0886012421952525
0.22515749068599947
0.8899787931265373
0.2942047661505768
0.021500547375178786
-0.0165622598924244
0.053416741137025034
0.01745302090356601
0.47656105323113
0.49847941857467276
0.0702284027863887
0.10695924003408361
0.3137314165661164
-0.23740900968726944
0.5299693321168282
0.3426578852125301
0.06774319635403384
0.1067560312420057
0.2868943556828181
0.3009750193706245
0.3761226246442632
0.8041114096041773
0.3028223655357288
0.5199949433444262
0.15952501679680692
0.29232343931668237
0.5099152644689336
0.41033664031364453
0.6086183064735882
0.4416823361031228
0.41314794242027325
0.25408428449202697
0.42314141991525867
0.274395084098946
0.20486292384353533
0.4295003557372882
0.39329374299990144
0.366526487846452
1.1567881803950544
0.04353287918663523
0.20262311857746776
0.3096424738468444
0.1845372295572691
0.5328822490233567
0.3099799061161375
0.24742779799227566
0.49712152892355915
0.33613515820797196
0.33455514499695077
1.3111747664034434
0.574335638530591
0.23696461449906173
0.48952830802398606
0.4260047887483845
0.18209694952500402
0.19320856632516517
0.29766738700034684
0.5178081078790233
0.39855194819453066
0.3138897451873971
0.19654916618745527
0.15158624057957554
0.484007522744291
0.22100304095591114
0.4733356588131163
0.25107270559679334
0.8538196644022032
0.3535114437290677
0.1661970194089475
0.24419280089936185
1.4754951539883148
1.2136733479150152
0.854689569338751
0.35643500682485074
0.5118638238638188
0.19067466028327756
0.229753342036259
0.0632746692445292
0.3590448980802808
0.4419593074481224
0.2215381196129505
0.06773955032756217
0.45028506061908824
0.42012582340227805
0.17200312262273984
0.44767271958101856
1.2721500596551454
0.38736870535015033
0.8584820837529255
0.5615903083277078
0.12282498760009536
0.39189820429303945
0.09222574573095688
0.15443180455779704
0.10257218368913176
0.2970399340429066
0.07094823039533521
0.07373844296955369
0.11779582113326294
0.11416022865345134
0.7325992562125921
0.2254377477108882
0.07218501952362145
0.08742612562111199
0.18692101142434533
1.1661741076331111
0.18163223208657417
0.09474490348917304
0.22816474585548924
0.2816867044493336
0.05161986579086002
0.02661805676590589
0.15527700274129858
0.017939398013113207
0.2275681544839269
0.9751990165945972
0.9918550638866345
0.2580074826441414
0.275380429287165
0.5442211361807442
0.16313524064493184
1.1612600391570378
1.0006994190499534
0.18474854830347676
0.3565187594358828
0.06971393291191894
0.19311708441054903
0.2844931609251599
0.02751788453482743
0.19193804890607552
0.06147336869723009
0.6069554754617988
0.7793362800044743
0.2090940445859385
0.1587752481003826
0.22474817624256166
0.3193760024228334
-0.025294407748801914
-0.038821080291870244
0.17341737741778046
0.17767844562273388
0.1441926005435665
0.047458564941804574
0.16867871554323335
0.1920025370727636
0.15964265114121523
0.20083868640284114
0.1611267975181753
1.042516446528974
0.023233024866098392
0.06485860488748187
0.03420131344922145
0.12368312802445061
1.362710764626128
0.5406855584839496
1.13220322016779
0.09984865876522411
0.2318622994738368
0.11278228699589571
0.6401128365479819
0.632853502417576
0.32774817615420515
0.10744857197309
0.32373840080120925
0.05547774957587133
0.3173093194729737
0.055932910626797686
0.2936779173094736
1.2525082524006848
0.2599261415875798
0.3002656620209911
0.02989659065125866
0.1871631793881884
1.3921401327350016
0.8586190175421903
1.091921558540214
0.07639970101730842
0.23517047422007376
1.159045277050468
0.9995150023468754
0.8817875926434218
0.08816913212205693
0.22184488738650301
0.38943601446783316
1.221604961785838
-0.1060077848164728
0.9843659319102109
0.28955371151037074
0.6655547187045353
1.1798114849968482
0.0830722885653547
-0.04697253598890852
0.3267919848544196
0.5033018116431611
0.10108893202855679
0.038691349118974816
0.3092212757827124
0.5263897886492372
0.7151791356568484
0.08489678177335969
0.052385679532169105
1.1116244577493488
0.9795039870717999
0.48075845555746405
0.4922735709992096
0.34930096258455245
0.8575622088663704
0.5008399720285068
0.9679354858690509
1.0522558316431794
1.0059517809453649
0.3016635812015403
1.0410107701311917
0.5288329926261566
0.4172301082579728
-0.30096002681110595
0.987774770135835
0.4028732004879658
0.3996811149380497
0.6048918362534701
0.14611373259692229
-0.23355186983866558
0.8599738756092952
0.07102328194500007
1.1755223519422031
0.3449520229977885
0.30732678452044304
-0.10593974356028518
0.30451881353391774
0.09815070533645986
0.3433525896496653
0.24208145661550817
0.23228047678330305
0.24639311130725028
0.6491696304372119
0.5386689368009868
0.7046199163981931
0.8534535555353743
0.4635962272773353
0.11500590714872938
0.17674673391173523
0.861407883422942
0.6709423481627856
0.4939943968954746
0.17426714876255067
0.378887185224673
0.39728191308932237
0.6323064527761367
0.5528151344429434
0.0815542085330202
0.06580179752437743
0.07401374296717478
0.443949947038346
0.5911722407557168
0.04165560775405197
0.7958570209393709
0.09087291363650496
0.24025023754323616
0.07681739329272108
0.23881147666331182
0.04611839299159182
-0.010882491967652452
-0.020081836221824467
0.3424353356253582
0.850621290760607
0.5565664185777115
0.2875031769934513
0.41213604693435524
0.2891564168659163
0.6134840163474672
0.3078706288110593
0.0038555640643791467
0.8458227650034955
0.0561653779368636
0.3132787200349958
-0.044702545724186735
0.7087378986271764
0.41820951382475746
0.7567119229025816
0.6452779377920997
0.442392891549691
0.511769003691806
-0.004139016132006956
0.5041914411477532
0.3801573367448429
0.9502334246710565
0.6871591947868572
0.5039361848799987
0.4793867009969043
0.15668619916784954
-0.05444985606252439
0.6883932347573098
0.36252705081652975
0.6572019373040104
0.8928177722672493
0.9496576993637279
0.5738666707782297
-0.10955149546567067
0.6702056763018401
0.4329161956727079
0.7432753289874101
0.7162206281433443
0.6645835951751797
1.0844511334453235
0.669922696729524
0.332165870937053
0.5956732111372567
1.1329260058600812
1.7079507204488873
0.7443475139363542
0.742676142140501
0.7285923996222884
0.519409578522275
0.8243881825681586
0.2223965219969276
0.6848209035153022
0.7949152801933553
0.8365184754381635
0.5798865879315868
1.149105553036489
0.33146927604453824
0.5376608011959638
0.9658946837157217
1.148125291331749
0.5448625233838303
0.611342950548682
0.3959644153408159
1.0769020372330196
1.183511408082937
1.1091414953331376
0.5808151877628784
0.32012741992124144
1.0534543139731367
0.28509317335601253
0.6081629063574802
0.5760935330431906
0.6348008115622842
0.5680646119378945
-0.04289312833271719
0.6654790934753178
0.6008245493102401
0.6851062438389331
0.7913868003338641
0.8218522486630135
0.623937316452429
1.1182406029200957
-0.07940516207034604
0.01650074106583621
0.6632168646778608
0.733216193719237
0.6383846321790705
1.308873455299979
0.6250088826086233
0.6736660727199897
0.5988575288326906
0.4199413005921858
0.16530671860843432
0.8454218545157952
0.40936142857973634
1.3030099898353944
0.9726502200517398
1.0659301312343632
1.0508213172177712
0.6203900916519821
1.0210531301048966
0.8397573271390841
0.423766160745151
0.6108932613740533
0.7726178205286984
0.5044083615327081
1.105274724973809
0.6256035953558924
1.016162723401036
0.5019152437768776
0.3159971004991601
0.8117205450473054
1.240387637876785
0.7286455653863763
0.5915805548638413
0.5117614181598171
0.5999255195701195
0.46866079127485316
0.21595590700499842
0.6012274180692917
0.4211631280017705
0.8192913047961664
0.4041321804752639
0.5901806292533742
0.43698407640203585
0.4180591254907239
0.2145434298804624
0.7309468829726643
0.5605990615787586
0.37266315559434293
0.4611934088378952
0.5860689717273562
0.19661119520034404
0.1415109857216893
0.34757000606311494
0.578411838533496
0.6084014464863156
0.09513140459406877
0.6436768511232495
0.8059573728147839
1.0019111779580534
0.41739952360321647
0.19233808881908232
0.2957364557356774
0.17551712498794692
0.11591079243843327
0.9633482062847172
0.19753555709138404
0.30580408726788233
0.413072775425894
1.0117191211231116
0.7470571069282915
0.5948931263392214
0.7114853455070504
0.6306438185480947
0.9168604885099448
0.4714552998497701
0.14368823866653757
0.15874922050562953
0.6708866217279384
0.4567879377577898
0.9465882432842245
0.9585420916163834
0.10047852450784017
0.18852493599311476
0.2024446374849967
0.12269393672910067
0.33469509480181503
0.24562137116514987
0.9830593672388347
0.895813931100573
0.7704101422278502
0.5368444424936627
0.8763889798838976
-0.4208245628297456
0.9887845968252902
0.11405358509255178
0.48568264811592254
0.419638304381485
0.4934578817398908
0.992866603639598
0.18896056915123713
0.4725644412725229
0.40147853557385005
0.4297789648373075
0.40548775140568266
1.0608143765057376
0.5240441307787855
0.19886976716956395
0.49228486676278427
0.6765171582689965
0.4611255160937231
0.37175117946426806
0.1967930180308019
1.0529578982434609
0.46918136173093905
0.2395526382310967
0.19692513921254132
0.23954846641466604
0.5108951177252052
0.30225956977040924
0.1613722588125832
0.6718377011485948
0.6589966132523253
0.9357701409075826
0.9678537538830047
0.8839301321670949
0.1877405186435723
0.9674558600605146
1.0164179489739416
1.0207441070830472
1.007144005127216
0.7008845157745951
0.22575325065260488
0.7965867456477325
0.67397696599879
0.9321070920168847
0.18188885412980393
0.17916717584105968
0.6685244480513064
0.7534960131150656
0.8658860226745283
0.8370552601328293
0.5869267905931879
0.9630558287494273
0.9920049304121905
0.8222555617591947
0.4455026556546776
0.3801082654514665
0.6389315944511724
0.2511049984313922
0.96405901431716
0.6642006511372119
0.6229372556278806
0.32152100725877913
0.9734190444586743
0.7258430292864314
1.1058435975141083
0.20731438043820083
0.21333703858877845
0.19548344504845125
0.28609806616846883
0.6018059674472162
0.6672601148927308
0.30671330147426573
0.8499531861468178
0.8870467670765002
0.9191895267321267
0.08558670884535143
0.607494570588869
0.07145519482644054
0.6627458474054306
0.07288009535361367
0.16152843918546464
0.6793892164582684
0.2031689927506271
0.6683673010727312
0.7681041563804965
0.06212327744881885
0.641570049342011
1.1839388901728092
0.23158806120447742
0.7860535585458397
0.8683420410591434
0.030947306114213105
0.6528153637190603
0.7114019166195488
0.3526415758638751
0.023489577521630237
0.5132508317585386
0.24347771731179382
-0.021594921082857155
0.022983221034286835
0.145824171937168
0.6860954510385615
0.7900840438749875
0.8445335178631566
0.6861078251197716
0.171020617867643
0.7250782326240126
0.35231048270530474
0.36372493427839947
0.2740842324684221
0.2661501077231311
0.3550968043594577
0.46113647916234146
0.6974837974601631
0.7497003369960933
0.2740892946232417
0.4063335932194622
0.665025724915232
0.667282245847047
0.6579815255416464
0.544395024553236
0.7196050673946434
0.6479171180960825
0.6635252790772612
0.46020623170441805
0.11012972804775793
0.2374254508015866
0.6944568939899386
0.6141842262739164
0.6288238070824609
0.6001242031040521
0.6838374427916047
-0.17191773148228154
0.32555115403964724
0.45583265946879986
0.7165751153209592
0.2070010253506231
0.4977929404451872
0.9244149901659473
0.20863035039727593
0.015861543102604455
0.8302080605313943
0.6077570466303616
0.26609790935175825
0.4077853923281027
0.15393782324164013
0.8525051069163025
-0.0015041517375026518
0.15668976905364143
-0.014647470989840775
-0.1861001407003952
0.09219312507842467
0.06940037866847343
-0.12353642234437823
-0.26695146176676154
-0.2794977220126034
-0.025962070251739924
0.04128235344886337
0.05112684595265568
0.5729720507471475
-0.04929725710525005
0.49289166029039927
0.014066167031380958
0.05636693558938565
0.10797838488538043
0.07896070194500883
0.4664957709912718
-0.41164498842306974
-0.4537839198216496
-0.27378597155931517
0.04422650068056198
-0.10777499214907896
0.12013518465427768
-0.34102977017389374
0.11700001368580881
0.3139477142521835
0.3107334248699214
0.12309050189310683
0.04483214645530175
0.20920193722617864
-0.18303998004726396
0.1909473992027286
0.7232136089898324
0.041679417640970294
0.4703678992355034
0.4901168916545968
0.25513997138000233
0.2573276158758128
0.10742860370340451
-0.302640744612712
-0.2624053039505955
0.14206971550075512
0.07817081749803712
0.17400628215023498
0.10151996354234652
0.11939096223613288
0.08595915629970781
0.1172219021327325
-0.03748370130890606
0.7325904389835174
0.615252014315121
-0.879646986968214
0.593985686200081
0.5531127827084961
0.126839675535351
0.05483025978516621
-0.2693990655968301
-0.13266851437593327
0.10518602017645119
0.6283909861234596
0.6423925779463111
-0.38781287812121623
0.010023018478743113
-0.2504115057122159
-0.07945436965362622
0.04541178089823068
0.026840831884656954
0.030331066090590587
-1.4251583543739377
-0.24630762215334037
-0.20717410792881388
-0.36785632161104753
-0.38584811792659796
0.2333480023445351
0.23437813097082644
-0.2175307020980345
0.09804069081889799
-0.36176676865115864
-0.06586045945085212
-0.36788589586374243
-0.03263399126637588
0.6759931831175833
-0.22822333367630163
-0.3733743977337504
-0.05824342380968452
0.6822779730507124
0.2876107471928875
-1.0109767866841068
-1.2119914921960369
-0.3775187757117191
-0.3673514921397809
0.29772529267038456
-0.4948944604133857
0.7011583255747298
0.6492951456142589
-0.043349028267548315
-0.3623773191870113
-0.4407957135653499
-0.5152189275942304
-0.35906535202363865
-0.401244595426201
0.7038111984065684
-0.3871692590074213
-0.4132263135473024
0.7166706996793258
-0.016916117958538097
-0.3727336210723701
0.48590587002522034
-0.38374402739339136
-0.3217737907143626
-0.373382819166929
-0.35076486146852726
0.3234942579832223
0.3115432782134662
-0.5590752096248534
-0.4649630606974485
0.4957050483826794
-0.24957777168682904
0.32893769613488866
-0.6950662828991178
-0.6835241766076923
-0.7084449018095269
-0.721355177734003
-0.3548788405794766
-0.9246844095505677
-0.4073432896845726
-0.4982208237945658
-0.6164241437097278
-0.40574361372498785
-0.030944456985697432
0.22536811885173308
0.30471714702172736
0.15927018252805303
-0.6459640627677729
-1.0940863544008856
-0.44614588794094173
-0.3576545017352991
0.12248364381657713
-0.8851006466851075
-0.28010135257772106
-0.718447863367402
0.700828149817527
0.06687305759177366
-0.2930198350404467
0.6476562417462758
0.7050494509971192
0.01606717496343334
-0.42373762060269726
0.010219779859501876
0.15174233843619667
0.4512968833100571
-0.31018074123329936
-0.22292740103926026
-0.3148559470708925
-0.23740499573388227
0.5988018695027852
-0.0336956551639567
-0.06899922180079585
0.10817799913660724
-0.47498772452779614
-0.5375235841602212
-0.2133958372133953
-0.5178964673624005
-0.6209867091732147
-0.255956722054294
-0.3725255907829729
-0.5570182901708903
-0.17804322779248144
-0.4810778024773624
-0.34318457439731465
-0.2524906920957815
-0.4642791209239048
-0.6735319276606139
-0.20059619450279254
-0.7714566783948372
-0.06656490403830305
0.11973301530314955
-0.7377546337331128
-0.1549010051772398
-0.745886906442342
-0.528295816770006
-0.18027596882162747
-0.4740645155889205
-0.5668946416838453
-0.5474803551582036
-0.06568077853635426
-0.008609162691712654
-0.18810172109950724
-0.25890022654514483
0.21644966670292323
-0.27903383652992814
-0.36910729568105977
-0.2634030710917262
0.4944423350229427
-0.057119733091271774
-0.06359300626981246
0.47393900785297854
0.06279413894301486
0.2871532123286111
-0.019554989523742537
-0.5137687948141956
-0.5375958847610572
-0.34031851111739936
-0.3582161808779222
-0.13180573384457767
-0.26618540023732995
-0.36621198882467004
-0.5332705324276865
-0.33759551113107
-0.3674573699102589
0.07799203413589541
-0.15208008490160146
-0.2611970823214431
-0.057296064324656934
0.5021984228370495
-0.07536754069223955
-1.1295115742576574
0.09752672056223038
-0.011958855779351055
-0.08602118087679828
-0.08527003915826985
-0.18799051226423685
-1.2669519352143166
-0.04959785348821957
-0.033387645287828
-0.040242250631962184
-0.4116751606871546
-0.17166812924456243
-0.15694444820959097
1.1603980050071365
-0.29799698685713416
-1.0736417283036586
-0.14155311063650516
-1.0983495213705448
-0.10828654162284747
-1.320642840072282
-0.32545107869800965
-1.35918420420881
-1.2720416604684606
-0.1511326523418425
-0.12802786180951878
-0.318593138471779
-1.8982212035442547
-0.37215009421901096
-1.3228420821747753
-0.16124206383099854
-0.03769648829898794
1.3107204277958449
-0.1854057142821381
-0.9866687233637432
-0.9157312316934458
-0.6200597662876361
-0.09435284527217704
-0.07701992132410491
-1.3738461917805112
-0.41862468427404415
-0.03268928218259909
-1.3039978110806074
-0.27186065428716427
-0.03474791942305675
-1.2059622157454881
-0.11680731295504877
-0.19914474545105074
1.3044887053446457
-0.08625566479167461
0.11673574891412308
-1.5205283138280692
-1.2090193232977067
-0.5133698849856342
-0.7716350184139755
1.4291556430357464
-0.194115288535135
-0.1895736351595801
-1.487298927175594
-0.2866665142117302
0.11482134592244744
-1.4295788564737488
-0.687794382254347
1.2530853815205998
-1.3736762990378493
-0.23747303181776766
-0.6246059823273927
-1.7380206679216432
-1.1638590804314863
0.10494969649478195
-0.5355596366401638
-1.5668075945464937
-0.3864819057002301
-0.258883350999544
-0.4267967712195765
-0.11785552411775975
-0.1881361204481216
-1.6312902459217247
-0.38765787502804816
-1.3511729748952335
-0.37850870343974546
-0.17174085525579952
-1.1575382100320355
-0.2626894535921465
-0.11527296602760351
-1.3425729772087611
-0.19476861191277364
1.2582755957094456
-1.3858923171637754
-1.4709203504748236
-1.1906993303205482
-1.6465884218053906
-0.30601919097067676
-0.2235964065747583
-0.31707220828396426
-0.3917963226637878
-0.4305645943004723
-0.2865768381064701
-0.20772985642447567
-1.359509792558609
-0.26509738686078294
-1.2953442497275627
-1.5663060167756688
-1.5538133107644423
-1.4652494015652444
-1.3224604247103726
-0.14424511477419702
0.057727601701711005
1.6049461755658485
1.5402808678250537
-0.4078393665218282
1.5923701223843538
1.6094536265283674
-1.475261058759759
-1.4417009140806865
-0.17503163911343356
-0.22893719969806026
0.08432732577824996
-1.2747499465947743
-0.3069571538707126
-0.2364454966489995
-0.5590112912612932
-1.2147713090817822
-0.7722061578469817
-0.19822446169389574
1.3984901845980668
-0.3202068536203088
-0.3696682139379464
-1.1344125946769366
-0.4913113013627899
0.07710940240874838
-1.1430408472873024
-0.220395305270965
-0.4766084589448914
-0.1575531474551772
-0.2506476899806853
-0.22468686196823873
1.3379802602621036
-0.1927857800166325
1.436179021923148
1.3940110825668437
-0.19901676213743377
-0.4595419756867481
1.3128842641539482
-0.2227297461747435
-0.9842433505671566
1.347226001546193
-0.3132900288868244
-1.0042509766301901
-1.060095323018172
-0.7900205695192429
1.3456964101886701
-0.21465516203998852
2.0073236444040385
1.265193386563591
-0.2634742993000395
-0.43548258479696816
-0.3229532488759587
-0.2896446493171944
-0.2747075585188543
-0.33361432547758535
-0.27299059240725315
-0.3539846398724937
-0.7812111224935746
-1.4614031953028312
-1.2374012808671684
-2.008911945986085
-1.3040901340970308
1.3345709493456837
-2.019576233759606
-0.12655000618821718
1.2933477557100046
-1.221765004016801
-0.039526691320140576
1.3318815880897672
-0.28059232613649876
0.47018144227666336
1.1059939538803356
-1.0804619997582134
-1.3666431933762822
1.3076861501237622
-0.8850301851394914
-0.053554594916788295
-1.8550357204689714
1.7857852953015405
1.318822313511284
1.315307032136114
1.2830652371370115
-1.2304690079531078
-1.1674615164303308
-1.5677293929661797
-0.27346512797683437
-0.9332604457218404
-0.8564118662425096
-0.011923403057346264
-2.092054718488107
-0.4550597201757926
-0.3049013912861014
-0.2662979177183802
-1.0179753824352953
1.6592760718979496
-0.2640231661311444
1.325302749077219
-1.0577898347527555
-1.4186026793813038
-0.3564691173349223
1.0963763270250497
-1.060197347264585
-0.3267756991921105
0.012752041856188879
-0.013902185370321212
-0.9682236019866698
-0.3317962243739427
0.5761860071626655
1.9229346704727281
0.5038002856944447
-0.6461952778618456
-1.188167608267117
-0.9901423130489365
-0.007646119408747478
1.5673422533062693
1.0018887258898717
0.8917705141156546
0.17184325388039592
-1.3104640778306391
-1.0027717872861444
1.5319434242227379
-0.8286548758608251
-0.2611566947871157
0.025826321112687584
-0.9864824759115661
-0.3072072545072367
-1.015899081254215
-1.0664174567134606
0.1942036200457399
-0.48684180024281076
-0.4232847500232407
-0.4164364975363614
-1.171358689357636
1.832062074674771
-0.9005790426085122
1.8321849569757394
-0.4677789147753234
-0.04802097774720921
0.014057588342454831
0.8763698293752149
-1.160632637115094
0.43086027532538096
-1.0343235003130233
0.37470916661158526
0.19016724479734531
-0.09207732681957408
-0.3543662956013823
-0.4102993152687429
-0.7798859413198563
0.11840748569831114
-0.3003331036099902
-1.0832498339891747
-1.4422780573157294
-1.3987290636256227
-1.315853760340527
-1.3119708707781585
0.07066359374300281
-0.9222082230288273
0.9654848514463868
-0.7833506663395583
1.0755867376818857
-0.8075319610673679
0.015754440926236065
-1.3744477227673262
0.008057914884956704
-1.4519407490177576
0.8739745340474709
-0.0006608822361591138
-0.8567325731323837
-0.9802849524320346
-0.17440785658433694
-0.7833250809685185
-1.3817668507958063
0.7431995042869878
-0.9646553052034778
0.8165266204330063
0.8697006308967242
-0.7879991853244597
-0.8468387348122979
0.8805858380887575
-0.46369633348642253
-0.9236447087035288
-0.7496922794724358
-0.41050040027345447
-0.45979454949779636
-0.4570932438378391
-0.7487944004549364
-1.6374422640009088
-1.4665389381436953
-1.483935675902102
-1.5942504635894965
-0.30855589571883757
-0.46308302662313816
-0.45940057326769096
-0.8161659543330809
0.13573936373488837
-0.013027101869183997
-0.009044119374029727
-0.43897136628602235
0.037987913090224174
0.030106474817624407
-0.22907090645540698
0.0056481738196998135
-0.37826048500429904
-0.47161534589664994
-1.1018874368902918
-1.1091993721049045
-1.1004100211491363
-0.5272387520628632
-0.0472924515624468
-1.0526473686534508
-0.8677114470513138
-0.9162247561404816
-0.8986592905645305
0.2018121054037394
-1.7092425250709984
-1.152707558758648
-1.3547978658125341
-1.272195557792105
-1.1039233915898115
-1.2566007210984997
-1.0766052276330027
0.029940235493110912
-1.616498574668578
-0.8907943950504496
-0.8671365059176855
-1.4093712563065184
-0.8518466605146293
-0.5737593141220924
-0.9540832312422765
-0.44576288676124504
-1.8779512125441087
-1.5866401347387349
-1.8644025862751041
0.15582187299146574
-1.4984509956779741
-0.49188575773815424
-1.3259818405513841
-1.7220117543539715
-0.6071781198308538
-1.5323300740471395
-1.1988208315524114
0.09549915094570342
-0.8965197036492774
-1.8810308201062023
-0.9584830588832266
-0.4149692836824584
-1.141818303328238
0.12849771054813708
-1.3185892541805255
-1.513914587963608
-0.14586053895920106
0.597836148768838
-0.19704470960690948
-1.146772191363765
-1.1735424797681955
-0.1408517044771543
-0.29155991189163216
-0.33230017939660117
0.09093165155132149
-0.508951764132318
-1.0213391161479435
-0.5179620950196456
-1.023384646354778
-1.3460550495440893
0.7493786499445462
0.07728139393204334
-0.9281564762732737
0.9684247088373956
-0.9804095299535507
0.8533893017347144
-0.9426947637598874
-0.4752432100092274
-0.37461764449469387
-1.776892955525899
1.022190573323985
-0.14259070649207736
0.9598810646097151
1.637740749584152
-0.7289500389913391
-0.1490903932038263
0.9234382414350455
0.9379763642322507
0.943325745735498
-1.1080542016813486
-1.898913155012197
-0.8848819397526023
-0.8424766948527167
-0.6798760769076949
-2.1012860551021713
-0.4188284662059007
-0.8166270497817745
-1.125548440660283
-0.9854548237954376
-2.1221355738639
0.8468555902529799
-0.2990261942973914
-0.8306534454422378
-0.7482767387351001
-0.7728675700478738
-1.0394107639813774
-0.9511359925802131
-0.8940227087899535
-1.8995374208040017
-0.7676627466425204
-0.9435354231159939
-2.0420277932314757
-0.2184630174170981
-0.42000145237585196
-0.3947147003483145
-0.6734248512503238
-0.24843539861566008
-0.8477203383772964
-1.99452764126766
-0.4071655890535187
-0.18038479206381233
-0.8991780036194489
-0.1725595901042165
-0.31651568976450556
-0.9042096387233742
-0.8753102265627158
-0.4606092373505864
-0.21857992702307663
-0.21003834116490253
-1.596780570938239
0.0019090002647363657
-0.5416049315405516
1.4796998022408625
-1.6506552362725506
-1.8498866658928126
-0.6449345989786233
-0.7066647628787532
-0.21717429852406073
-0.7434927369435622
-0.8206373873470864
-0.18096412421816038
-0.40892839706587486
-0.81062478200044
-0.7955269329405622
-0.8091211480163395
-0.8559455987676879
-0.38684503210636
-0.3943286292423332
-0.14174468772595572
-1.2251870005577628
-0.19887014307805895
-0.37372028451857775
-0.8144164041591598
-0.828672290279674
-0.8531651801716515
-0.7741831001764883
-0.19393983258858938
-0.2831846637861336
-0.204303538433476
-1.9855742301600743
-0.8891910676256262
0.07543433369960124
-0.03340676699299103
-2.1566089927552174
0.003938552142390357
-0.7912484399248345
-0.19885021309062653
-0.03773214047959258
-0.34104131266459636
-0.8834091146937383
-0.3098505677960614
-0.918028752583233
-0.8060593742385865
-0.8263951365072497
-0.10577379349258147
-0.8958177005612017
-0.13889574708147365
-0.09567198635185396
-0.40367705664818954
-0.680125971853244
-0.4119917576956625
-0.9664948232541037
-1.599904025770404
-1.7589783050507877
-1.9909595365462833
-0.9995450524314254
-0.48001853153439106
-0.8967801823833218
-0.12288977958619442
-0.02018495766252716
-0.39243465184970533
-1.0792330238506467
-0.14288634846635373
-0.16201263260944543
-0.6542231873607149
-0.3234302612382193
-2.0489465315127586
-2.696370800348145
-0.6578588404234823
-1.9025304406485812
-0.1156281999043074
0.006855334641550779
-1.5919379953334067
-0.9995270107737934
-0.019725911727535857
-1.7353407239261986
-0.13169408466748875
0.08491225526276425
-0.009878889269332105
-0.38677986671549086
-1.1440769334844938
0.5178278513980101
-1.0166836576064917
-0.9579338081964203
-2.054263142624112
-0.2943386296597563
-2.034017578498479
-0.028396565587537975
0.05183068809048167
-0.49290660968956007
-1.2421547714868437
-0.2582090567540914
-1.0153239447613416
-2.0449763189099976
-1.2355443161694069
-1.8804655850192462
-0.22229925392325944
-0.2693828468743603
-0.8056703690169896
-0.3441757054634642
-1.4854168830239678
-1.1613333607504086
-0.8125896638600875
-0.48274611702173953
-1.5385577660884824
-1.8569435730780868
-0.03242463939897749
-0.46386528929609516
-0.41945874116884935
-0.636323534965951
-0.04495811626835287
0.014073335395946676
-0.562009416941326
-1.7506472363391539
-0.3541075759561887
-0.8855605187513471
-0.4096152061320556
-1.5023132770605114
-0.8589481894179161
-0.44964011152766303
-0.9557545486235142
-0.894768198942697
-0.10349362957446608
-0.17554545095966576
-1.9332167300879903
-0.4220414065699725
0.05063986727315915
-0.1613016673583686
-0.3914802721070761
-0.1784106908466795
0.8069001931688394
-0.1638752121788413
-0.08426732042906769
-0.07670228744465456
-1.7678423075285397
-0.28789043715969903
-0.05788479652592186
-0.2643268936005953
0.10474435578355175
-0.3536367677564215
-0.21970265990722024
-0.12138203639641607
0.03082337708648298
-0.4392528276019679
-0.9956891463523759
-0.0912755151737774
-0.4661780622901199
0.0841625572530234
-0.018001827790639056
-1.2007350130525394
-0.04632760253525525
-0.06781272342269806
-0.47573122441215354
-0.40595043393316
0.28270843074445295
-0.2593437238875079
-0.3649060810387982
-0.3438623709657653
0.09199559893286804
-0.37116469894404946
-0.3234018136377523
-0.3684079540529414
-0.8012685284260002
-0.40696597515406496
-0.9135832353652926
-0.8579223708106825
-0.4883204046809494
-0.008678326163252868
-2.051667765773393
-0.22099762017033042
-0.29212135023759866
-0.31300739521168897
-0.44550823806092593
-0.32289798193821806
0.6883788974670962
-0.1637103252853463
-0.4326584807705753
0.008897771947668904
-2.089727207026409
-0.18909333549712562
-1.4498541688330358
-1.0842360296651856
-0.2929700307801195
-0.9327974210283628
-2.071288694431273
-0.38854818143353403
-0.04137689315344225
-1.304926900574661
0.09528760449565797
-0.12361684931477167
-0.6574912245274448
-0.2575167088684197
-0.15569258295649524
-0.21458407593753817
-0.02108696362048527
-0.32457405397185396
-0.4511452984453513
-0.03684351172162386
0.1100690354608118
-0.18248773126524773
-0.24571960094332004
-1.1114376128084607
0.041241693697802215
-0.9147932657232317
-0.4838626570743918
0.07143806834905404
-0.30988575540177254
-1.2070617866419966
-1.0650823179754811
-0.44716762535112264
-0.6160934726893722
-1.0161242825340526
-1.5548023801608897
-1.8082092240697083
0.06367234078247642
0.6050941155798826
-0.3717688778328656
-1.6055599832885403
-1.11715600204071
-0.19124802724006507
-0.1138949543723564
-0.9365217025709089
0.18116313670330514
-0.38280398824595213
-1.801132725919074
-1.655750083038415
-1.7889483832932713
-1.0281123716339902
-1.1502717383590064
0.15726546736895583
-0.346549175699674
-1.4961557701299482
0.030487862546163716
-1.1302843090297428
-1.8920428270180327
-0.2971698187997502
0.17301578778660515
0.10597611700490969
-1.0902650557140512
-0.9736378668766793
-0.6567047793789452
-0.3018967003414096
0.1409852510379282
0.564319883748605
-0.3868056861587149
-1.060630183265687
0.012672181993893911
0.05592462858206957
0.1286643744081387
-0.25428297311010617
-0.316736918597422
-0.955165746513634
0.008764930116060849
-0.006964041711460448
0.06988082396847016
-2.207958498085445
-1.082636694711916
-1.175902739363761
-1.166585327277576
-0.03467852361247565
-0.23162405364280148
-1.8245042048778597
0.04937226205166921
0.10282160040255178
-0.24248118752061845
-0.2889595251972018
-0.288113700612333
-0.8336465399529495
-0.7669777781679123
-0.30302774712161845
-0.2107111988715644
-2.2939301646557997
0.41791747110063726
-0.2625018818207068
-1.6045534871674156
-0.7140040817861901
-0.22253133333988243
-0.41458881398354724
-1.2967903213968874
-0.23490408494524537
-0.6711846336470497
-0.140186165841421
0.22500803016860846
-1.7356368890317653
-1.6721564678328493
-0.3211852850560325
-0.5186489616870232
-0.3937681734173294
-0.2403148828886396
0.24326077425866857
-1.991665043776367
-1.5630640131116784
-1.264569585199139
0.44378870248250163
0.2187874314979501
0.24487998324303736
-1.0357578760396373
-0.3494158073398612
-0.9967332191959537
-1.4947896747819567
-0.3116120035056539
-1.3749029575461327
0.9079251768608091
0.507136433918925
-0.40708884096045767
-0.3277857238798118
-0.36267431691098095
-0.3047766310991999
0.34689273942988924
0.3237224077349447
-0.32395071414543314
0.3297915045622745
-0.3600868974602771
-0.3693653841323795
-0.3353088709811668
0.286444446984225
-0.538613517171033
-0.009845113655046788
-0.43651650518785406
-0.5577611614025718
-0.41632076068924095
-0.5319809898840041
-0.5325179686614877
0.13407812837048844
-0.342197384514336
-0.22985668369174192
-0.3703091896070161
0.850018024721931
0.039506640902170556
-0.02975988459083414
1.0007238085149746
0.9410182618165837
0.08259129038614028
-0.4541566063596051
0.9891081734842082
0.21793929500312983
-0.45584572598869194
0.3880746797616501
-0.3692467464778875
0.0807138559229398
-0.6198432755571587
0.6211155995994595
0.16790709995740805
1.0326370254899808
-0.38961146619314235
-0.2570507873144267
0.3396847216951333
-0.24579078340341343
0.35983245257840457
-0.31383486186419435
0.5664383967295678
0.45195037979799013
0.6255310400505175
0.8179693877251687
-0.33371203127277244
-0.3438106853491469
-0.16738762379555772
-0.18958158807237407
-0.28590980267189153
0.21176254545578296
1.1524159733774846
1.1501038828922494
0.04677839562254029
-0.05356127322716295
0.29819322172728957
0.38975007373396237
-0.02477765518304695
-0.2608035554020737
0.7660476969653562
0.01597103693679864
0.8556672582001172
-1.4970705592543554
-1.3744853886519368
-0.09386737888472113
0.6817787805895582
-0.26285475630638927
0.2985278118604208
0.08336569598062184
1.210827403076479
-0.22324990407127984
-0.2514635500020073
-0.22732825744073362
1.1827875667801968
1.2002179051382542
0.23204458749484627
1.2241190793287218
1.228702289883828
-0.6049609959062374
0.208217150704094
-0.2635756879955919
-0.27172203364413045
0.5405244467240375
-0.20332771373603203
0.15213207858972969
0.8411744003129997
-0.17660453356519037
0.48023970092805485
-0.28244091374255803
1.120392145948924
-0.26407567892108014
1.1297813282632954
1.2475637908361252
0.8807656538152411
-0.23138735243426256
-1.322697307910999
-1.6373495834735594
1.1145685597137494
-0.17516227317603972
-1.1857361445303742
0.21145744575371692
0.3131985870518294
0.24750181338899996
0.257439441442875
0.5023819774328608
-1.2884843743589482
0.793662413011345
-0.18428961438786842
0.3245572236280199
0.7369441434568776
0.26851714969376633
0.5407327332560817
-0.13237328088024775
0.14520644333968538
0.6565444912209484
0.2632438198337649
-1.3848196622818572
-1.1169917633173914
1.0362496199891291
-0.7247176461147283
0.3112023396227976
0.863681293414828
0.39544105389450485
0.1098341561887949
0.46129133130023015
0.9797900630396932
1.0865045462805585
0.4500031174666286
-1.9560344933958014
1.0024614422588813
1.2510061441249118
0.9579672705649231
0.34030438336092944
0.5268332102889092
0.4148989732740696
0.44100841398486046
0.9487381753191956
0.5688107011538117
0.810356229513018
0.37605986195823593
1.258798378681104
0.9472374202444263
1.054584570139652
1.200344553515422
0.49336301308546626
0.9333873625067035
0.6081304168506063
0.65679171561409
0.6091004099519866
0.726244563572183
-0.35119907839766884
0.3256718030878279
0.5869012691704276
1.2540762652710418
0.6266568705576884
0.5391937856167632
0.8945431282779546
1.1873170110393723
1.141054801192417
1.2971476513751645
0.6479559972627107
0.8723045665191311
-1.968182805980335
1.2182465400775229
-1.8582028922747444
1.3548201487400933
0.6880949098707017
1.1836697754089185
-1.0595948208260884
0.9869164384937797
0.6565847104723933
0.635177491331733
-1.7094442508429153
0.3103630388943374
-2.112007569588232
0.9673833724095486
0.7759824940374003
-1.9359677004096107
0.4937214023238627
-0.6070303913763732
0.8557318001851651
0.1871026400942313
0.5942860067165764
-2.002605385742327
-0.46208822155116047
1.0634520568052515
1.122591988481117
0.688479352908715
0.8012503950062388
-1.1811749037598795
0.9204963322941248
1.2840762801110137
-1.7216893984005472
0.6310212051107409
0.21885440757934377
0.31998651100067355
1.29984983234374
-0.6319150847973419
1.2891808057118554
0.6417563062046394
0.609866820517429
0.7258675421774556
0.800447194030234
0.6109681232893698
1.269074641040117
0.6289306136709989
0.6517574679422943
1.1823855034004405
0.9981405309697373
0.9852411162758123
0.7393948954852623
0.5616618678488932
0.6580554245465262
0.7811976568607841
-2.1733137622150727
0.48346055909535673
0.8493256093579822
0.8162119654895685
1.1326104237557257
0.550203395536147
-1.3390841028692133
-1.843298907833019
0.9136623263716798
0.5693096059960568
1.3145140453871933
0.8442104526275098
-0.3265307645262843
1.3078195466253753
0.24901688139234596
0.7741644476579028
0.2771795019094809
-1.6158202909665662
0.8843539921826049
-0.10200163440856443
0.8936842195286954
0.3086300572731857
0.5055520780201346
0.8920174192575474
-0.4496226994038271
0.6663117211131069
1.0964206726110972
0.6409871953146096
0.5923623934415857
-0.5175496687425847
0.9259909056881618
-1.83624305388104
-1.8790626373102728
0.5610539732244411
0.9366038437780739
1.1573912897378171
0.06358943156135476
-1.2732087480421546
-0.617723924777321
1.1138952527935093
-1.8122114014584703
-1.5310423042330443
-1.5801876024647963
0.7311050997285179
0.3587803956787876
1.0109953819616853
0.44468609555382055
0.6102940211150021
-2.3190570997648043
0.2797591825442376
0.3179652197897832
0.38708953886257313
-0.40006150257299433
0.2005595148871795
0.2147250826557859
0.8158748644032984
-1.4171473638922107
0.5297327460859567
0.5351024728252414
0.5373697675383396
-2.1860975022381197
0.5263526301529565
0.882432430060729
0.5220903600783146
-1.9351011599831367
0.4496846068622004
0.6027643641063762
1.2987711051782695
-1.5417220375082679
0.5809998006284378
-1.5672978038916499
0.5728907025321659
-1.600314335153917
1.017502222706737
-1.6029462121064648
1.3674130940456435
0.5415923680822131
-2.2405631340015026
-2.2636404476289584
-1.3456246569925243
-1.616631123978442
-2.325434594652882
-2.2935521087287567
0.41795570809662885
0.4203790323992496
-2.2258412358302646
-2.318759754653668
-1.4152380913791434
0.4094340694028582
-1.5471289771017667
-1.6086196657813054
-0.2689900747459803
-1.7763330135480127
-1.607327772975552
-2.3637845924061853
-2.341322410366455
-1.778796125727453
-1.1713906856283227
0.41272361567120525
0.5613618384653912
0.5025683862614877
-1.4877848999069152
0.38886721801933544
0.13227868259556802
0.28695286130959097
0.366314511376381
0.4955526923130943
0.259325740811218
0.36859653045888324
-1.5307456942406534
-1.7839333447666514
-1.790797030132269
0.1756621157908127
-1.7699006871366454
0.7193663689520854
0.5711874143482213
-2.1011502688215002
-2.283961045356425
0.9170569196624274
0.943014398835852
0.29457629115557277
0.9153264044550864
0.4646418322505821
-2.3998041718193153
1.3035072878334222
0.2776615571177015
0.7244260997491294
-2.38871978821303
-1.9792343739279659
1.3067042124216157
0.6310911540646882
0.6926390213658487
-0.12961857358828463
0.8308438395553732
0.06228823071483695
0.13496683285206626
0.6065615722441384
-0.43191600585916146
0.2522525815793905
-2.0755517022342302
0.48154249439205377
-2.050591903515274
0.2617042055358057
0.1714451395512489
1.431740297643712
0.16592395593606357
0.22495335598266583
-2.2012139728008
-1.6874068646676368
-1.7949105918495627
0.503224118828568
0.2250485061765223
0.5529501152091689
0.3347622780575017
0.2894128592669678
0.3363767626554019
0.4754556903686569
-2.1457005554594537
0.27371481592480545
0.7210524822110509
1.013158922658648
0.24027216569770468
-0.14702469999016093
-1.4388382109978373
0.26106379474307634
1.0074581264550724
0.2716865452465348
0.3029985307695915
0.48021979344658683
1.5593585215477552
0.768045070190436
0.20375784707932387
-1.5937747684776078
0.6624672414714894
1.3601722199511965
0.553019952843232
0.1555557212143316
-1.0774086099860323
-1.43111168604094
0.1581967655769577
-1.3940621809509617
-1.6320575516121991
-0.18935275672914564
-1.6335794701950075
0.5958012100535093
1.2511834778988051
-1.5088230189753253
0.39500713922551256
0.7590917022330537
0.2551693504637661
-1.2053661531880755
0.504581049164659
1.4677834937919303
-1.9166389068225889
0.2552097895648019
-1.5690765584988369
-1.602477588962382
-2.0703406041902106
0.7449246138338155
-0.9654992516761832
-0.3319054048435718
0.6827090994829295
0.23840281818973122
0.3805323860307208
0.17591856364699823
0.11973708837976643
-1.220554494984031
0.6717037748779988
0.4696391468394907
-0.8747041144517775
-0.8057018492230379
-1.3181068195609147
-1.388648097144919
-1.3258324463915625
0.36041897814108903
-0.19384052627375575
-1.725916539370807
-1.3527617858402596
-1.321735311438218
0.7385547071651246
-1.8007173494193272
0.5566369832239482
0.16903044165174713
0.15118015395802492
-2.102309384665003
0.3788338956528853
0.5388988541609927
-1.326364561476518
0.3369142470770053
-1.2188872918822198
0.7864484372465309
0.4038459658724952
0.5297783047838307
0.0588129675432005
-2.0429458418922586
0.7185244963442348
-0.047833958172751524
0.7749177913053317
0.1719563564236081
0.16837445453236877
-0.05073034786982672
0.5959331366343178
-1.2850450451126112
-1.2764110378055271
-0.45075463880699296
0.2317654525786309
-1.5748530897810966
-1.1587953284026975
-0.07885490741911752
0.12787583898542607
0.16244641066207569
-1.1641665420445937
-0.0019712616123058087
0.3328087117248979
-1.5686005864482078
0.15779486833906053
-0.09407963192198016
-1.3839545076208368
0.6021554907527695
0.1332415016392881
-1.151680145351262
0.5367207555345268
-1.130505004913481
0.10934089507986089
0.48450479199246815
-0.261654084513935
0.13430333877235737
0.2843436624603788
0.2787883580837005
0.5558709514077151
0.0808421956314476
-1.101384077541117
0.6180833725409942
0.8164872056804712
-0.552421126252659
-0.2507312480374038
-1.1131293936389994
-1.127475724175539
0.11583179375852837
-0.18052304651602438
0.48703231375416045
-0.26662949439569233
0.47218886187767967
0.5666645337610602
-0.002858112794619911
0.7252182614515079
-0.19649684061868447
-1.1040684131213032
0.6047741777935095
-1.0054784250493127
0.2155917400707342
0.06991801022058527
0.5450521809741347
0.5123096301072734
0.07409195906259845
-0.9175586267285323
-0.9283590503796901
-0.3233169465179511
-1.0381087200061594
0.04512385287362036
0.19718088077618756
0.1378526565326225
0.1823786427728834
0.4074359991018077
0.22572906644561075
0.6983594839357121
-0.19732748627119984
-0.654764667992331
-0.016389391123522307
-1.070278731342545
0.03667877400817565
-0.5063475000038916
-1.6593607645555557
-0.0537864580651932
-0.7441534091032898
-1.8075620299546438
-0.29331320526372706
0.2226165900274533
-0.9908754545389984
0.5863742974967456
-0.30011533168436344
0.05663548906059402
-0.04212370959011878
0.35898262017919413
-0.04382795031006937
0.13422424816424217
-0.04503020267244838
-0.7096266720590672
-0.4042899564031754
0.1503321080495505
-0.10921156750990879
-0.9142858802518132
-0.20756160100117227
-0.29701724793508694
-1.5484667774398098
-1.5699154746626973
-0.9394466933657828
-0.3786499615602481
-0.03452893883290156
0.03325239116061328
-0.5497385261294067
0.5514045473049619
0.13760161550757066
-1.139333400814849
-1.109898875858607
0.6073213823649547
-1.052744901259917
-0.3881591404986969
-0.8155465908856799
0.5757928038572487
-0.4505812787500522
0.48399052049093794
-1.6159973953703333
-0.8256543950083514
0.1142848270583
-1.06178102833628
-0.0988860452723124
-0.7778936754338702
-0.3280227378016428
-0.9702246322276982
-0.0798575666942643
-0.9995021267987678
0.2897775179024687
0.16592730197306044
0.1523250557613154
-1.8330911131071832
0.12544393904608375
0.4736572828986131
-0.7428393446110542
-1.2634933384466929
-1.5215396074658791
-0.929221289140175
-0.9114217843535201
-0.9674589833412978
-0.9834989869219172
-1.137323957451726
0.11497953463892852
0.13950613940749368
0.3687543262011071
0.06096882324255082
0.19383262877648572
-0.08633161610893181
-0.010577015929258558
0.25783015249994595
-1.2061513153136043
-0.06293830694209829
0.3382370465984303
-0.12623915100457506
0.11075607731772835
-0.09925084898752784
-1.5504389977661426
0.30518516151028463
-1.0925680822148163
-0.8764173076250925
0.13668010711467443
-1.1798819023584952
-1.364683232485107
-1.1957476551654582
-0.058064467074886585
-1.2679944240660521
0.36669248190502274
-1.2941999998180826
0.14035630072784117
0.3680838917399504
-1.09383580745998
0.35647465886159907
-1.7807261759761064
0.0738087670746847
-1.2677764663047626
1.0151843993099172
0.23045010367078209
-0.8941506232013294
-0.9252231019732378
-1.1479793508228253
-0.16016099606785456
-1.1717834004323187
0.365322596347754
0.5846143771800802
-0.6935613190808042
-0.7661809622590792
-0.4235291848465591
-1.291462390702942
-0.7043533618270701
0.3392963394819315
-0.16112550845848828
0.08250760621343521
-1.3926634155775408
0.5692871725378014
-1.9722674473099424
0.023112113520449923
0.3783977938636149
-1.1287741403651226
-0.6940753808887331
-0.6940876283293609
-1.652875240135456
0.1681640551813819
0.23532420995651215
0.07794195176305253
-0.1864385341093213
0.11111723083897825
-0.6008188713475532
-0.04182885730205318
0.7467241685909558
-0.338736855732679
-0.9217538419234015
0.31484055059735677
0.32164304026247076
-1.1432148718440263
0.4003621708931605
-1.0218872263669458
-1.1800680887811295
0.3624134224703749
0.15260303267136838
0.40526371544355855
-0.5818182103068815
0.3241942968781876
1.1728590928247173
0.07352854498559197
0.422861653310562
-0.6400455839800906
-0.12404951717783286
-2.2397836027549105
0.48593486331568925
0.07220571253693775
-1.1472992354075702
-1.0994267391341503
-2.344414324841843
0.9304863022680726
-0.6041410076300694
-0.8727687181703468
0.25520833155490946
-0.8424588258970721
-0.9295503072194712
-0.5366165844411724
-0.4822566131716113
-0.13603435251271753
-0.9691794477155117
-1.4866219571742525
-1.4020509593205435
-1.1572509907218178
-1.1368510309574313
-1.1611788311941191
0.11603387139875583
0.30379751442815106
0.9358670775070334
-1.394783353620636
0.41494711126069844
0.3746120491235988
-0.12153321227501102
0.40319359097772084
-0.04891730544628914
-1.1271812310089855
-1.1558253709598292
-0.00593980635492708
-1.1262062853613104
0.017574380352019414
-0.09538267601773631
0.13848293948185703
-0.21354207192908742
0.13767361889396024
-0.6150311597500451
-0.8105531130007044
-0.24471760405574372
-0.04767869268456419
-0.9272471543707009
-0.8830978911880483
0.5425277260154692
-1.0688438207160145
0.3233960683049831
0.38328876480558194
-0.11563854819948557
-0.11144922525229377
-0.071666593982636
-0.5717541445989336
0.37476344472916095
-0.5011094333221594
0.3352446451289503
0.533968353351985
-0.09481992055714662
-1.3430079345945216
0.6651650974048554
-0.8747603894051472
-1.2430647143274718
-1.3730166866038012
-0.012432545628430648
-0.0644274496105617
0.2074230140559241
0.1755258117747116
0.05540818048391992
0.5223377437298531
0.25597965721640165
-0.9023965544133803
-0.6456191278979808
-0.564526032100311
-0.4786059612842917
0.6184250159482994
-0.9572343788002635
-0.9485640570322955
-0.9121327883483351
-1.3427424366542646
-0.4378883739599891
-1.1458576267376217
-0.7931743874487882
-0.7876360603561092
0.8917744720788431
0.7732393501856409
-0.7684193854170156
0.8166767773557662
-0.46356961047529693
-1.3393217823823342
-0.7539346758412553
-0.09384517205766515
0.8083010977160172
-0.48533971173814194
-0.5349074645810048
0.2540350507462316
-0.48642351977913534
-0.9122085249172887
0.31649826381567026
-0.9650052729838328
-0.9607148697877155
-1.0521489623306972
-0.07675296604272566
-1.4612376136885776
0.31641592391941714
-0.0688917053756864
-0.7917140385923822
0.2533520091767931
-0.9173803861261571
-0.6695021509822887
-0.628916909571092
0.8741864726762383
0.9433018440999518
0.6303540641964798
0.1621723157367365
-0.5067873382793726
0.30206346539541273
-0.786254725828375
-0.5201759329813183
-0.39295954773629305
0.8622876302962891
-0.650122814662813
-0.5431779796639963
-0.4483525952262509
-0.4170834148299619
-0.6332255696626997
0.85253209050579
0.16184102734815298
-1.2056422379704057
0.8441995767198683
-0.5681940282822071
0.6210080796781237
0.6268990807914421
0.9688884642633286
-0.6440458086800523
0.274641396740882
-0.3229742762092177
-0.5253787639688983
-0.03654181542123028
-0.8177785259331607
-0.41820801692800924
0.07003718732402425
0.14300599897058863
0.8074045908974186
-0.5376120443599917
-1.3343301094594735
-0.008414694974389667
-1.3875071834056971
-1.6341085773152655
0.5966984367603659
-0.08976833336318035
-0.5885354146704123
-0.4359700980266575
-0.43194389692014135
-0.4446113194411493
0.8200951433102611
-0.40976868963355095
0.7018328863177699
0.08316014316660958
0.1523396584947734
-1.591620103932477
-0.8332294431835685
0.2277808826315817
-0.24821534062941503
0.8898629731524104
-0.813490259985098
-0.5932643233854729
-1.5774362822817551
0.4250940965653426
0.9087282235097965
-1.6031524611210768
0.16153650625104948
-0.04405181539685263
-0.3611056586055684
-0.1719254633888966
-0.33847491985113
-0.2854245108047232
-0.26217230098362865
-0.25423862852421875
-0.48021735705774626
-0.4374646579761588
-0.006810621575866399
0.7118505216900093
0.8380633793890842
-0.059679218800598205
1.0352398291993101
-0.7844828821083847
-0.7825435954402987
-0.7804247803230991
-0.7775807238473237
-0.13374908364142662
-0.15463388022097127
-0.7338319037876151
-1.3189216371176253
-0.3094831753770697
-0.31697515945064336
-0.7210330419207394
-0.46777366976750645
0.02326503160494385
0.7572660766255562
1.014837280271177
0.7162385336265689
-0.355511025017322
0.020916474036379626
-0.27018354541682943
-1.6306648320114623
-0.3916888210598172
-0.18791650062747514
-0.8922467454638674
-0.4776936152742276
0.4925119576309254
-0.8100103506948988
-0.2857221285444883
0.28680588349961245
-0.25821745477361646
0.7929156121548607
-1.7189999143058776
0.5895285932731099
-0.3686263383606175
-0.5851314247470418
-0.475449136746196
-0.09440422617127575
1.0916360068628066
-0.3136959514855813
-0.4380637510191224
-0.2612227523383992
-0.3133087941020166
-0.9764701316022601
-0.47942639212413835
0.21950118300230628
-1.3982769909349777
-0.021595568628113487
0.7386861302135378
0.08066301060020306
0.24345664398975464
-0.29568304658373157
0.20944360376774857
0.7129106862006858
0.6155311580682726
0.32892183316799145
0.3140484246686329
0.29341573332302695
0.7075714204656894
-0.7738834078349119
-0.5024927056153061
-0.49503226234684733
-0.49198635768550036
-0.524959446281062
0.5879574700898128
-0.36124262225421616
0.006146351374115927
-0.2694967963477495
0.9694929690284585
0.8684260329003649
-0.26431837738816505
-0.29809763034258907
-0.9927082927612528
-0.27445321409697115
0.21433164393722381
-0.5257782099467909
-0.5260702221741652
-0.5477532463679946
-0.2976613663886525
-0.3004648552815506
0.2243035473729193
-0.3676168716019038
-0.2732606393208067
0.13956238525192458
0.8320231304487726
-0.43925220088754346
-0.31702493825354605
0.22900180922654623
-0.3894715196619028
-0.3392136003483475
0.007986218381878574
0.21566527271041497
-0.5721882112579171
0.4131237022711498
0.2532898854039501
0.5480148078608711
-0.5122595163519471
0.37694332262824115
-0.42913812085627134
-0.15587379651082364
0.7694098825470777
-0.2982283121006376
-0.9452722138102798
-0.218503181596383
0.23539848417302184
-0.3497091074880362
-0.32431168143022115
-0.2000592595487444
-0.3527774357323046
-0.29577668766686716
0.3863730151686659
0.20244438522616615
-0.2279842317864923
-0.03140653952428966
0.11471478091758237
0.3325747321833025
0.019596657012586782
-0.008035742184366701
-0.4946101937176282
0.3259923627092729
-0.22794344796967642
-0.2951589040510787
0.42232903268633254
-0.3232940682502975
-0.08509960360457386
-0.36074399017605047
-0.8903345991362203
0.7909420861870011
-0.767033235672678
0.3924023171729158
-0.3389361833015306
-0.6316722099941764
-0.1628913979275523
-0.22637889788329757
0.007962676488280584
0.6972150643703181
-0.30022518254586433
-0.16867013263357977
-0.21283905233323908
-0.2783345677800806
-0.1735768827037683
-0.2954205463509627
0.008607886451715396
1.0825008535888228
-0.33982244608933265
0.26054235399627984
-0.383868987097294
0.2541197033197587
0.1946082260118144
-0.6716761045718459
0.14478359579870104
0.1013467637911139
-0.4769305451525516
0.3491196162850657
0.7300821307971832
-0.15742914096260782
-0.43859625374561007
0.3146590326721704
0.7406199550487511
0.7165374475070868
-0.78120316615689
0.298751350377623
0.17083562217983037
0.7046018298045522
0.3157660355555938
0.678216321890065
0.5873253807485627
-0.4213654798611248
0.5889501791767086
-0.7875047235042384
0.5961986324026332
-0.5708682021718581
-0.7820930718752036
-0.42815890602350587
0.7006727564464769
-0.4057419026788979
-0.3155352908144259
0.3243090157212338
0.28579370936320725
-0.40107952336618186
-0.32327783369391
-0.5314645022819767
-0.5222447144443351
-0.4963576052332719
0.31792275710998075
-0.3879973339563077
0.11780617919295666
0.11367599472102102
0.3268321766552154
0.31179409628136234
0.6917694516390277
-0.3020802042698453
0.37693790592765414
0.745216865593912
0.24885712277580674
0.35385484095903436
0.14795577245297475
0.09555989570297882
-0.2353621247578771
-0.5698888162833203
-0.5589506701958039
-0.009080610660267718
-0.2719256274827719
-0.09309937828765036
-0.47202622178559756
-0.10947960409839655
-0.5373498074790237
0.37049466808063997
-0.26595288161333325
0.11566553462280012
0.5503017176584097
0.3401905031759684
0.53004142218591
-0.4737491910170603
-0.3685636316319039
-0.4668038491427192
-0.578112142213655
-0.21522259698269378
0.10626042228707808
-0.061385710667005614
0.10876189997710398
-0.39867627354072105
0.9917021126629533
-0.27354343381852114
0.34089957216488304
0.5035998165131428
-0.6567850416934127
0.12757707526989287
-0.1824871129983307
-0.5037483632790507
0.06788465843123481
0.09704005872859583
0.09349306018877607
-0.19512885860945373
0.3472332186005644
-0.4491054933888714
-0.18986578977066665
0.3376148570311645
-0.2259257813513585
0.555101330776523
-0.5669919873140309
-0.657894924298221
0.30790279877035354
-0.11237748646648357
0.14545416617639806
0.32617341126999067
-0.2094918202055132
-0.2362143280608084
-0.21962038849692175
0.3245798709176252
0.09582606114160264
0.12259801228942735
0.03968420068266876
-0.11091195380862798
0.477566913227418
-0.20901553231007697
-0.2618509577963731
-0.48208007663104535
-0.23007850671212626
-1.3997039900008528
0.17538483808728106
-0.6302861687776276
-0.2352281214170368
-0.5817431970467024
-0.5218217572262587
0.03216736814098792
0.9761258556666187
0.07545243623528625
0.07197403460316987
0.018378861377587596
0.2871301463905544
0.24994168708146094
-0.4841967343472395
-0.4862458025231532
-0.2194990842495447
0.2730692011822988
-0.334454117612986
-1.4352058547630682
0.2019867909621958
0.7605515080687687
0.1682921603692955
0.0371774462749741
0.023933525149770818
0.45834562512551535
0.4401467683820777
0.2456104225707724
0.9273845665347935
-0.3176980769736903
-0.21020457906447754
0.25964422576079216
-0.5429028864143887
-0.4625773517622477
-0.4893606718208353
-0.17768561051449497
0.0924392050207621
0.08214598827066415
-0.6418972232873186
0.9705494211318275
-0.2149863707906276
0.8805235583186702
1.0570776024269684
0.6825980289335166
-0.04279649466933688
0.0933846316854613
-1.8495207896048047
-0.06652187641053914
0.6100648265627578
1.042908238329117
-0.493696924952228
-0.23512174185256915
0.0009995364397159534
-0.009372185278364031
-0.15780703730881301
0.6948649559465483
-0.39125649484377045
-0.19357264271545177
-0.0380537564138721
-1.388557558026291
-0.17085794719519154
0.17539382269365608
-0.4872969768699766
-0.07014227069501666
-0.2249953189904175
0.19250141705282273
-0.028099449155102582
-0.029282354371598762
0.08026988510804131
-0.5278621723013567
-0.31170623908704065
-0.3722513596383434
-0.01343414477277806
-0.21498004535174634
-1.1986462046357869
-0.12598421273794336
-0.01774390114442312
0.6979252992701548
0.06639905510295196
-0.09945800314102475
-0.7314668269587487
0.7730851765968817
-0.008273795188081579
-0.040162234616640265
0.7708847486302944
0.10122561165019432
-0.12751943573551217
-0.3073918522467647
0.10477101004602592
-0.7280055468812017
-0.24817658661887804
0.48255122279821594
-0.1711418125134636
1.1581580902731217
-0.03488216151753667
0.7728723698030433
1.1398888953074338
0.6009800162419131
-0.5549024673651353
1.1096239982325038
-0.43501541149252737
-0.15083936515210988
0.40553725393881007
-0.11164722213591224
0.16715703913159552
0.5155854619514725
-0.15939396328284833
-0.09617304939486794
-0.14269132167827972
-0.08688112593184959
-0.1103433539867111
1.1559225596043123
0.12013403285868839
-0.4079563706318564
-0.13489635860336935
1.1293745906541104
0.11434916612590425
-0.0600024450637866
-0.4986263088140595
0.14161405895550197
0.23194393358370152
1.043577022899984
0.1491499391674148
-0.3822566360476618
-0.1289591465593257
-0.2454171823720275
0.1019472802975222
0.49731257482296476
0.41855319627399956
-0.03161020595465566
0.03686299948599281
-0.40957122931267087
0.18322169951457434
0.5871285995225171
1.093812729449959
-0.10065961099386515
-0.05588579529617621
-0.054900110174598615
-0.09855477652226252
0.2787073035874304
-0.24677167874407624
-0.2891745444693211
-0.0304403665783168
1.173934936534813
0.45082712646887596
1.0861006635653163
-0.3248461680618165
-0.13521707433467597
0.8313082926698117
-0.3246324632327926
-0.06630004592984179
-0.15313910621429222
-0.30022201917325114
0.9320450712996196
0.21998435840359754
0.5344630163453992
1.3805042797159457
1.092617319011571
-0.011284727674051531
-0.23128305837055887
-0.09637315468588994
-0.2758584705488443
0.7679132625008809
0.22752596031557465
0.16197955276500586
-0.11240108211598862
1.3922471833255605
0.6579756913092127
-0.06249152378607276
0.7094672536758471
-0.2897022006000467
-0.0673022696240032
0.2624456281958943
-0.15540094423436224
-0.05399489960558593
-0.24448033759217186
-0.08139238357355433
0.9945565001983424
0.17927300413194885
-0.2607704802427338
0.09078054165760835
-0.28421113875713777
-0.07207297721078273
-0.03114729423395357
-0.3323411301986211
-0.09997861111174683
-0.29823414429918166
0.21067850707302488
-0.27853668466056164
0.23950249720592265
0.1264380924973082
0.07522579200587323
-0.05452145955340297
-0.03471443460854292
0.4041806136523093
-0.02659364326142727
-0.10697543370615414
0.20938587716508222
-0.052448845898769476
-0.23778290638037847
0.07044733307698756
0.9825449042440576
0.06481781229607127
0.9399019442865059
0.052305386972832546
0.24416416395340074
-0.005148499330155487
1.2262164728915688
-0.08755071236125367
-0.31263878271839335
1.4811224208832545
-0.07921235263019513
-0.1106024245022385
-0.19058260687448622
0.03143740605332346
0.10560276940196636
0.22764346240462108
-0.24738875527102297
0.17727911989871165
-0.14438901203720303
-0.1969563783872801
-0.06239306404384448
0.18085779873773722
-0.05396043542842009
-0.19999842023549277
-0.2102791429535796
-0.07958656946576466
1.7223518079422624
-0.26856741869000295
0.051779894176919736
0.14231178519597876
-0.07631696005702954
-0.05931447330746846
1.7677514523907354
1.8034668629041155
-0.11064315188459671
-0.03254630149729511
-0.21144614561966382
0.025403687709368183
0.038778467777255146
-0.22695753216460596
-0.04598108598344577
0.22210592673592017
0.21847765748109627
-0.13411191212447812
-0.07288862186591911
1.6965262404366306
0.21011594981076526
-0.05978052214789091
-0.22279328602288753
0.23173723406664742
1.1881462617607168
-0.2049565262080392
-0.08257617733896863
-0.21077584581900552
-0.08797083636733749
0.034637230576429034
-0.08362961655723497
0.37777973845387236
-0.22793386810303198
-0.21557428404037038
0.020963367683324807
-0.09824377007652127
0.2378651572145576
-0.10692669125778392
0.04629202755257987
0.2922421269275635
0.20272207655496705
-0.12651134593990376
-0.12047130970821518
-0.10103351792708183
-0.1024271491389293
-0.16193192602094686
-0.024997913889318712
0.06904048782942693
1.1910546738761179
0.09451626842061678
-0.19786791442504786
-0.2250121865210586
0.2754038001127265
1.6833934573237093
-0.10644140946310585
-0.2373010167790608
-0.23742914716729255
0.02804293339189015
0.1979682027264693
-0.2086554768265758
0.03731979056319912
-0.18796366854696422
-0.03160281734220999
0.01798383654350956
-0.19805723998345542
-0.09244624939107747
-0.21743641678904657
-0.22138637657923088
0.39804856704935376
-0.2768856711741851
0.013706344869555036
0.2260627041510147
0.5301790352091188
0.1660421901024244
0.02885959328345689
-0.12496588886664176
-0.004852687201948532
-0.021943873716036337
0.504680884827322
-0.14350917274843727
0.5297910935493618
-0.22569155819582953
0.34290518707315265
-0.20015602918264044
-0.010623671929147562
0.5102293107593889
0.036912702480762734
0.156494597265045
-0.050383172614309704
1.4096472948166174
0.007072467305050706
1.5135743693872539
-0.0264542581664868
-0.17654612597947342
-0.18794016702338148
-0.23273144434563253
0.023676912159909833
-0.04401422692727294
-0.20223976422480733
-0.01827710687294297
-0.04786446471172481
0.09336440873360606
0.13845728475437577
0.07797180393664618
-0.18965603593110558
0.0903540079909104
0.09713612333576281
1.017666225893859
-0.1603847440451922
-0.04075190491770109
-0.0324265052872221
-0.027757924597002243
-0.18055436874864372
-0.15902303678559307
-0.004522093218483023
-0.18082176339821013
-0.009705212686581324
-0.010886690302773096
0.008614427386918606
-0.012291863727520079
0.07055867757797066
-0.18694198905111767
0.060276747923274365
-0.009486459631565303
-0.04974289787802483
-0.0040731917533061626
0.16297621296496811
0.03169220930512684
0.12499500748418141
-0.16711199215274788
-0.10902101340465048
0.07434211952897352
-0.15150734856979234
-0.1639892322430344
-0.03273066700893542
0.3664560433692523
0.13461637699150733
0.4501032111378566
-0.003560823015431567
0.07431134145103896
0.071394326148874
0.05692384777817855
-0.058365586181812895
-0.16088015502016828
-0.0808849518005865
-0.06047129083572041
-0.23326803595888757
-0.10859476658277457
0.5209230886814702
0.0721392133372194
-0.1174843163110856
0.005918502545505175
-0.005589606322972193
0.10079223447856264
0.09933733430193784
0.07205141133817376
-0.015834268940045276
-0.018025952843069362
0.17461398947075452
-0.15145461419057354
-0.1334485906376554
0.33119030111189146
-0.062027738098933055
-0.05664972588551091
-0.18929409013991147
1.3123386945178108
0.006124255114350555
-0.08811847303962528
-0.2345491017318343
-0.1295660501805227
0.16120451873375072
0.07493529255537605
0.06941957595626404
0.09082483965980055
-0.15724139111603758
-0.1588496600467181
0.4482879160625579
0.12175903793910897
0.11069726474772978
-0.021611284519268706
-0.030773678137962085
0.2058609209015397
0.049611847641868406
-0.04933895197862032
0.06862067939048372
-0.03966616959396438
0.32338426092872813
-0.13165876452216188
-0.16612877932834988
0.8275271430999956
1.2048799417668816
-0.07536670541279557
0.15285401271160592
-0.06883019948663642
1.1312009275394548
0.1509563399111622
0.0940115510216867
-0.11712034448668254
-0.07674933915367174
0.2546364686164652
0.08451329475690642
0.12963432019522148
0.06951858752988854
0.020298558595177624
0.3729465722964613
-0.07466336959351022
0.07075940041413643
0.34693416599514826
-0.05396221426437157
0.7989560392909105
0.030009877075949577
0.10246295999866689
-0.09273039054016831
0.0348504001826364
0.9509872256889276
-0.07440737772906672
1.0396089772708808
-0.05360641745979394
0.12685844285797396
-0.08781074634628937
-0.16600585301712986
-0.07811489664914918
1.0927134137176642
-0.1407624228926961
0.23354673364484838
1.0202240483381664
0.47239143650381415
0.08647204495161566
0.17894353596168203
0.13248154191443381
-0.06227444723461012
0.12892011995948158
0.24593888947500347
-0.12315021846205641
-0.01589480778571442
-0.09171143140582769
0.754719948560095
-0.08449553360543967
-0.16959779745493034
-0.02738860481628988
0.03290258505239718
0.054364564868114786
0.05139354319579322
0.023671520828034934
-0.05913156941161282
0.22376543599316046
0.03862487237989992
0.04076137719397978
-0.10507563177555085
0.5463917740477601
0.25854530579202706
0.04558647696214324
0.9017698893853945
0.23308586372904708
0.2820254190818067
0.0451738442093659
0.0772313423470716
-0.017798299369905513
0.040505065534703455
-0.08735331713299
0.7271477881112681
-0.09510773638952104
-0.19401966878815297
-0.14130477208612394
0.059640379527258744
-0.16329828420283943
-0.15667779201966278
-0.17978928878487913
-0.14086436595532048
-0.10305990191875997
0.046203402696156595
-0.14915001898831193
0.005380700435838966
-0.12087480597429501
0.05603631218088446
-0.1084776903358098
0.4571401300892472
-0.14464698985389832
-0.15710152259308585
-0.13336954068340223
0.7823541241669356
-0.18959098634208116
-0.09929106617767292
-0.16130436343376714
0.006709811407909452
-0.21422417644805136
-0.08926167195349223
-0.1849942884011007
-0.1505246929477587
-0.05759911695184032
-0.22148745160207248
-0.22850418502314096
-0.04796187994596405
-0.15833735991630013
-0.2795142458229123
0.12534821666433132
-0.20950059059587098
-0.17289749693046488
-0.16410170435755628
0.5237188413198872
-0.14874936581868387
-0.0668944370553868
-0.08527696241368728
-0.176693416140141
-0.19269791384867102
-0.20500474219719683
0.6040674894417978
-0.04649616235844496
-0.2383858827249316
1.1835248956846414
-0.23640878912443328
-0.23429882916768788
0.5987927983190603
1.0116362405232169
-0.12774596001123004
0.2544877628913612
0.22430609653211855
1.264197283673611
0.7311015159406979
0.3992756415072806
-0.05517017274591175
0.5278815982711998
1.1828819508318618
0.45883087267851974
0.6084698378087016
-0.12159414299961573
0.6373383921825169
1.4510183559393934
0.27636504791255273
-0.09389284560260766
0.4523408397747464
0.5077624044482094
0.44885086446766354
0.4611171438111329
-0.039075665601559076
-0.051339538604040544
0.3445726393252251
0.895896957436166
0.17968347726631165
0.27144121134620136
1.1289368662515742
0.5179295331978265
1.5990951105305142
-0.15341708456205252
-0.1575792970759371
0.1977103793515277
-0.07374926422238445
0.7296412590913758
0.5262023355226885
0.20138344104940475
-0.11977609209858515
0.39935264332827947
0.5069676816195761
1.1909660140052316
-0.1767364787043157
0.25476883791386934
1.4816389075395773
-0.018768545769477916
-0.05929434817045408
-0.026995036563189675
1.4983726000861957
0.29105298330197815
-0.06322749740268649
0.1699117346226633
-0.03988628013502024
0.7009101662526539
1.1162052886079437
-0.03524560684314728
-0.08745498041284994
-0.12252514958627574
1.5372837408136704
-0.007854738387025587
-0.005852606967089559
0.10228588969412913
-0.018603612496312958
0.13999090542712084
0.3605438742717544
0.49511128643144914
1.0504164944000185
-0.02313523218745049
1.555430485872895
-0.04107648413656831
-0.13280883215772038
1.3141804875390883
0.025361436140632757
0.11560656391754634
0.14418435996576975
0.055160832615887924
-0.061783600171096235
-0.07373746912016815
0.06851680942609052
-0.2147134001542378
0.3509104151807705
-0.05590742507477642
0.5781053313389273
-0.08973976620419022
0.4346695832261896
-0.19495135798496419
0.30450091124327217
0.08798156535415182
-0.08152235929087635
0.033789823019200235
0.3134174368408827
0.02154334307112308
0.3261302169243231
-0.08710908668594312
0.654676646431823
-0.0471619200693483
-0.1518025356028243
0.04835646348689096
-0.138901626121692
0.3040521856429704
0.037703934677354424
0.07692118193404292
0.03852107840430935
-0.18333764251204845
0.03645725736327652
0.41306907871634624
-0.23765807849535361
0.830290636555068
0.17908239657780697
0.11955851828085472
-0.23534035638123377
0.3480830380199144
-0.13456017290922115
-0.20318922136995066
0.1115790279826205
-0.1656761994490107
0.16910849056800412
-0.16690095018701248
0.4316843212551832
0.005614005079897987
0.5334793025025613
0.9308711476391487
1.0497513075492821
0.18012495397255507
-0.022769737678987295
-0.1351615633134203
0.0829819728825061
0.1814787716736007
-0.28511528629247346
0.056611961253866146
-0.1768990695583146
-0.26008443182335
-0.1616972637254216
-0.1907275043710236
0.30009474417975074
-0.2835928088299654
-0.2213903522093105
0.05591815680446345
-0.28392936329191404
-0.25262504543664743
-0.033106354733233465
-0.26348990311381193
-0.28794239932021987
1.1028916197403296
0.4562430564661061
0.10558782379630699
0.025880256362959844
-0.09610128879627054
-0.08625890791139057
-0.2833137035125456
0.05310432399779563
-0.24142538170108502
0.15545315763525328
-0.19014641262076645
-0.33747562706638834
0.013025729955237472
-0.18827479175261694
-0.10585964350894402
-0.16155276499703244
-0.1489887286023738
-0.12314185432382604
-0.13600329182670867
0.10304976055220351
-0.20645685512122153
0.16526408872318105
0.17100137576588093
0.4468748470226044
-0.19467010397758797
-0.3865099135639456
-0.24894119665614245
-0.043127287105477405
1.37683996282652
0.4188029170418346
0.19142749597610853
-0.2296285286399581
0.1400704565934247
-0.03956558734192152
1.2050368758724037
1.16186736276542
1.1326225987416163
0.8717391571929569
0.08538859251030613
-0.12252301886968489
-0.19880912669183304
-0.005059759599731676
-0.3123948911275989
-0.21247447390746882
0.006275339742377811
-0.021350258479542354
0.050823652852594485
-0.03607358070329678
1.2334706684250318
-0.12576439482721433
1.3900976737536022
-0.015524795569682871
0.040536895370118835
0.03730019381603207
-0.2889768959772288
-0.04313688946258851
0.0010920218607565404
-0.11669711195236161
-0.29472416223727105
0.3335061758332405
-0.2022993085047541
0.18923333355462874
-0.006840875071916944
-0.22863318316454975
-0.13175940142925974
-0.004919129937764837
0.12971946302477216
-0.14494185352004152
-0.007930422831493145
-0.009852257995751002
-0.07077213181389268
-0.16326003939381564
-0.25061756877670066
0.9054441828542987
-0.10089726608190792
0.009197675742573873
-0.09308469101486079
-0.2046199603744211
-0.0958678827403341
0.005760571161532964
-0.12434221193151382
-0.2585277817300099
0.03145217916524813
0.17100221407043528
-0.25936275070968445
-0.24638673560366783
0.9394911590729537
-0.05692818572436068
-0.10460354946687461
0.23751698419621448
-0.27673405215777047
0.9581149848458318
-0.10539796872658089
-0.05572726467280058
0.031180463040122182
0.028144775201853336
1.2969560140056429
0.4033205345915709
1.376213410558726
-0.31755753146173554
-0.11044110840610304
-0.0038242267247922063
0.5825088174682372
-0.042545326025789566
-0.3007284284523805
-0.10950838313282177
-0.14766431917243358
-0.03366682153729952
-0.34874625905388246
0.2543630085225835
0.4130574621146276
0.1833155402418056
0.8442501797431916
0.13407497266801646
-0.11572741228366852
0.019201382934233225
-0.05517717018125075
0.2130485930049771
0.33281559905374364
-0.2581502562948749
-0.10566385466849981
-0.11617947174169847
-0.1159322186179837
1.0964051546734734
-0.15365794125356383
0.04090901155340392
0.5233143280633447
0.08471657503259189
0.152424663681608
1.0571901861408506
0.21060521131997464
-0.05614868545111286
0.06888885273562932
1.1160424119578565
-0.1825467838655635
-0.11376943502452751
0.08558908270056692
0.09478387326808485
0.17696643998951897
0.046106724223646776
0.2087761695154793
-0.13849513737573724
0.4012026161547903
-0.23875300954976592
0.3504759218144444
0.05872211122429079
0.10554837706103117
-0.21682274590546072
-0.21066808830398018
-0.09941814473127379
-0.08107181064548152
-0.054080262929008215
-0.23156933129183604
0.44427774675672266
-0.07059956008073687
1.3266503488540446
0.5715718104707039
0.04621316509147186
-0.14570338764121152
-0.26533053449408256
-0.2377840789844684
-0.07889101327941782
0.06841884522998688
-0.1653743311622453
-0.2525496083567536
-0.16294383630113388
0.4668033128326603
-0.4320710161341244
1.0535270631433105
1.1980844408276428
0.37487289048436084
0.48415504343372945
0.35778943210310193
-0.14623954370024256
0.1602503392565989
0.30771904296608454
0.3122694870374027
-0.012233111909804365
0.3076154133072427
0.869297301302727
-0.46232262125601586
-0.10557527535817658
-0.1241090551741354
-0.09613103684826896
0.2153127168054512
-0.020737767594605626
-0.008815989320712706
0.21065965119432484
-0.0009280799273750505
0.20942769357195928
0.07904695556280565
-0.1601779035553199
-0.010236763790004226
-0.10145286461085193
0.01292621224662763
-0.0790028535026477
0.17966088721471546
-0.008255221591463085
-0.053486574702989134
0.015619579721058322
0.1871049709486056
0.15889601156626548
0.164719689426543
0.052855263729756734
0.08346868495426048
-0.2835711889496602
-0.30168285316119764
-0.024673617094455168
0.4597943481392393
0.4606621751506101
0.05721689236798889
0.4115630405328037
-0.03788391129346019
0.09059920479496951
-0.021661241153490756
-0.3369827910612826
-0.2544356502747916
0.09026239276601236
-0.30551275571518033
-0.4019276828313881
0.2191416576142014
0.4623837815032572
-0.01240026410203553
0.256150069406325
0.1100565582268616
-0.3933819182000702
-0.3737787566378443
0.31093348192511305
0.24696295406956037
0.3214804607816606
-0.015055584800368239
0.0137513210055089
-0.05070401010467527
0.6576557338094438
0.8503937449113714
0.4143910705335242
0.008748759535759652
0.2472813659749819
0.1770456378443118
0.3570559648125709
0.04391101322990818
0.08126840214929311
0.10075983790172764
-0.3830116934991704
0.01829185480043569
-0.35523265408470034
0.33164081274078555
0.532592388862513
-0.05813504565066928
0.18093818488890362
0.2479431175998972
0.19925740797805708
0.026185931528968597
0.2820269487559674
0.4556712961394446
-0.16003171254927384
0.1643869433996965
-0.4027608197129716
0.37274649812297106
0.37287587993179566
0.43766362571665307
0.7681124499470728
-0.3036379939623818
0.14522174555489378
0.18792191478013387
0.46436787331544666
0.44611094385822964
0.8752563726158055
0.9769150938060166
0.6545239945634339
0.06343780269344232
0.607985174455679
0.8406011502330143
0.3954207555869652
-0.03812526786384802
0.4361176072539758
0.47703405256427167
0.28497928934416444
0.3515525038999984
0.5805010055161388
0.04883988408816488
0.5796243748061704
-0.15542190749272158
0.04262069719994629
-0.13354140444655033
0.12494130145424713
0.5314382904495613
0.5874385243962377
0.3303179637244752
0.10483982994927618
-0.053939669045501494
0.04708891113222487
0.5774542442155531
-0.07198516443248126
0.4838782415377972
0.23435246311173727
0.6012123078364675
0.5285867424233958
0.5393248271420491
0.4151721467206286
-0.12986173321335379
0.593734672788746
-0.12374062261889722
0.03097329530833792
0.42474848655819625
0.08354295978419596
0.11997940792755588
0.19215624818174323
0.11348234375021794
-0.15243473799268834
0.5655094362206203
0.198526368816669
-0.1426197745464431
0.005331312137021691
-0.19171358637595223
0.10139102400356377
-0.14433689435949074
0.12480880069692736
0.42529191568372954
0.48492400935811536
0.4269732221061867
-0.9917564407116137
0.3635360415545629
0.5392283640009279
0.4142482823987891
0.4853775202065239
0.288929701209645
0.20795554908231031
0.45069388029969315
0.6976868637650661
0.4068125838462658
0.17071946220057768
-0.2873221492635664
