0.256972941856356
0.2565390536708655
0.25697894723943315
0.25693378042431175
0.2569269896143369
0.256970678961721
0.2568672970283452
0.2569846679081104
0.2568742086610564
0.25335531314680665
0.2569608950981257
0.2569546384740692
0.256923563625549
0.256982205934638
0.2569672841827575
0.2569751180793821
0.2569729154946574
0.2569837109955154
0.25691924135782146
0.2569416088162384
0.2522447979089121
0.25696319928936795
0.25701985953692197
0.2569444797753436
0.2567349795881622
0.20533708366263212
0.2570198592116399
0.25694738382555643
0.2542615771387228
0.25689560169460607
0.2568432532773086
0.2570198595350867
0.25701985953625706
0.25698039853158594
0.2566556355839882
0.25663875627354804
0.25686874976967167
0.25689867206671174
0.25693560141807903
0.25697974290857417
0.2567844459269676
0.25701985953692197
0.2520628070881608
0.25697025829333286
0.25701985953692197
0.2569792522961654
0.2535474022474689
0.25416514121144546
0.25697024276692537
0.2565869275506047
0.2566737235999959
0.2568473786747929
0.25683323669314073
0.25701985140014805
0.21615622246837773
0.2569803077058696
0.2569394279449474
0.2527266880406974
0.2522075648850754
0.2570198555226897
0.25645535717601264
0.25658247443652704
0.257019754873997
0.25678510713096314
0.256907429876115
0.25701985953692197
0.2357797815795188
0.25701985441657255
0.17111911306319474
0.2389736124318014
0.24044185253833478
0.24285983912106154
0.24547823406398292
0.2546509532395973
0.19512860065835738
0.21168143242843232
0.248502125468393
0.24946759292689213
0.2562798516188497
0.2564714408332521
0.25603326645774804
0.2560980662562067
0.2529300470078354
0.25701985953692197
0.19483197915350217
0.252652526416262
0.2568148161844408
0.25701985953692197
0.18617422377208107
0.23849123835413927
0.23950888813274815
0.2404712773591698
0.24226567248871433
0.17947087787215296
0.19449568277254917
0.24600614711747884
0.2570198455583793
0.14520020729609845
0.1693153717099272
0.25701985176542175
0.25701985953692197
0.23534827896485924
0.2570198549764936
0.25099372208898324
0.255934840223423
0.25551662979118744
0.25701985953692197
0.2570198223020943
0.18492832969986964
0.16152466269527596
0.25701985953692197
0.2570198571767996
0.19794692881860199
0.2566696344780816
0.10297587431907661
0.25625485975741974
0.12010992093485418
0.2570198595280812
0.2564456495469018
0.25701984989182497
0.2555834421432895
0.241007708448746
0.257019859536408
0.09925269070777314
0.25701985953692197
0.2566398211958499
0.25619225926064226
0.25701985953692197
0.25701982164597575
0.2509263066480244
0.25542100021527675
0.25701985953692197
0.2561488198789889
0.2525418514203346
0.1966759235290014
0.25701985953689416
0.25535787518300873
0.18346270634217
0.23871062110772526
0.2394044814506982
0.23290890105507656
0.25701985953692197
0.25701985953692197
0.25701982141100715
0.16422493177694036
0.25701985953501333
0.11008692452062413
0.2570198595368852
0.24883318805896953
0.1273485649501337
0.244220838462781
0.25701985953692164
0.24496497776324172
0.25701985953692197
0.25701985953692197
0.25701985953692197
0.2561355253401729
0.23685347816137062
0.13552935108930717
0.23783590424792422
0.15493401250293032
0.17305719376454348
0.23962967933150142
0.25701980740237024
0.25701984440807246
0.15435072333211308
0.2421793242231635
0.25463797280008854
0.24318037924140468
0.23530973527134907
0.24870075194204344
0.25701982067900236
0.23741974624701173
0.23168997163141916
0.25701985953692164
0.2546228826840843
0.13284574352499928
0.2410374115098985
0.25701985953692197
0.24257477323422985
0.25701985953692197
0.2570198063486298
0.25701985944295813
0.2570198595369214
0.2432466671288569
0.13160560751556719
0.25701985953692197
0.09812691953220008
0.15120121981856707
0.2376084428139549
0.24401600542620192
0.25701985953692197
0.25701985953672524
0.25701985953692197
0.24070442866683645
0.25701985953692197
0.25701985953692197
0.17602435448214174
0.2570198487954046
0.25701985953692197
0.25701985953692136
0.24218656234854033
0.25701985953692197
0.25701985953692197
0.25701985953485734
0.2570198037352701
0.25701985953692197
0.257019848646318
0.25701985953692197
0.23319734365444794
0.2570197655624183
0.1258073911491644
0.1338419290915292
0.13649390616894472
0.13915580455566015
0.1446933757732348
0.18584176750806503
0.25701985953692197
0.2570197912636381
0.2417486960086219
0.1552331493044424
0.18298519127078697
0.25701976589936953
0.20388839645537254
0.20798765505812603
0.25701984300400627
0.25701985953692136
0.2570198266257708
0.2570198435396381
0.12114312989249798
0.12622785728698116
0.0892100527275056
0.09799191919471674
0.10270428968322802
0.14733446934603303
0.10572865370565593
0.15389229192416432
0.1577263830521281
0.1676085818042979
0.20819586194577436
0.19654853015655746
0.25701976194408005
0.25701983735704254
0.13314084183643554
0.1399234773366548
0.15318245514378853
0.1812935031314525
0.08443340839387528
0.18910588395534506
0.19621815050007865
0.2570198594904471
0.2475983196599394
0.248276369198878
0.24950829059068214
0.25103702917227955
0.13923408444504332
0.1859751869751829
0.19804835022368114
0.25701985949148753
0.2570198595369213
0.25701981510083144
0.1456193635478214
0.15983954533871467
0.17476076450446626
0.17760840981923748
0.18305854777079184
0.2570197580521229
0.19959267784618753
0.25701985950722916
0.2570198147554136
0.25701985953692197
0.1480313035596046
0.2570197834094091
0.17129154216225023
0.20138620884446584
0.25701981397266
0.2570198595067031
0.25701975543165284
0.2570198595157628
0.253265286701952
0.2570198594905557
0.12296359398493836
0.25701985950662504
0.14652716806612026
0.16637649705828383
0.25701975461907545
0.25701942056262067
0.25701985953692175
0.25701982195482587
0.2570198594906066
0.25701979661149543
0.2570197521857511
0.2570198420767247
0.12429753158927383
0.2570198125256338
0.2570198594752491
0.14739288628901318
0.2570198594892218
0.25701985949553957
0.2570198529365215
0.2570197955562489
0.25701985953692197
0.25701975519847103
0.12073952131111568
0.11143371678910689
0.127911715720812
0.173906888388029
0.25701976665770554
0.25701984123445143
0.2570198594740201
0.25701985948155265
0.2570198594945217
0.2570190277674156
0.25701985950558504
0.25701982905641335
0.25701985953435924
0.17584784496820727
0.257019671277115
0.2570198410900801
0.17179021052540983
0.25701985058987675
0.25637040999926386
0.2562032103705627
0.2570198592739304
0.2570198594749893
0.257019859483264
0.2570198595233806
0.2570198595369215
0.25701985953692197
0.2566765330619214
0.2567556776313869
0.25699447483728605
0.25636106226847527
0.256899872565494
0.2570197472783546
0.25694581469017846
0.2570196280683614
0.2561331941455553
0.25635806613450723
0.2564820056273633
0.25701985953692175
0.25701984551535695
0.25612953731950616
0.257019849401901
0.2570198506386169
0.25701985171511493
0.2570198577445917
0.2570198582533084
0.25701985953692197
0.25701985873666144
0.25701985733985894
0.25701973791149274
0.2570198595369219
0.25701985953692197
0.25634955605989906
0.25661359385075155
0.25701985953421824
0.25701985953692197
0.2570198595346663
0.2570198595349283
0.25701969576197614
0.25701985953692197
0.2570198595357138
0.25634572971432046
0.25683936767023
0.25701985951113626
0.25611411242607257
0.25661014199221693
0.25701977322543584
0.25701985952233375
0.25701985951745243
0.2570198595200695
0.25701985951093426
0.25678343119547814
0.2570198595369218
0.25610663112839743
0.25701985953692197
0.2570198586168059
0.25701985952572615
0.25701967609188653
0.25701969488127635
0.25701985953692197
0.25646336088091537
0.25678248979388424
0.257019838090061
0.25701985953624473
0.25701985953692197
0.2570197720822402
0.2570198595105105
0.25695537861009127
0.2570198595256884
0.2569162910932305
0.25701985953692197
0.25677963411806376
0.2558777310642445
0.25701970989365885
0.2564566523652735
0.2570198579552401
0.25701985952128936
0.2570198595255236
0.2560892447935985
0.25659825591886337
0.25691534206234806
0.25632037561649634
0.25701977041488594
0.25701985951733636
0.2570198595211682
0.25701985952543277
0.25701985953692197
0.25691485562630006
0.2560823029209896
0.2570198595316778
0.2565951279494045
0.25701959691861564
0.25701985950990264
0.2570196484884738
0.2570198595171866
0.2570196892753781
0.2570198595253625
0.2570198595210545
0.25701985953692197
0.0701215324031791
0.06462170452902508
0.2570198595362926
0.2570198595363667
0.25701945151709465
0.2570198372995821
0.2569129999265714
0.2570198595096857
0.25701985953550377
0.2570198595170284
0.25701985952092726
0.25701985953692197
0.2564421851466978
0.25701985953692197
0.25658913343717366
0.07241263421418055
0.06565779504537933
0.25684657273896744
0.2570195933979602
0.2570196676254713
0.25701973776856735
0.2570198595251982
0.25701985953692197
0.25701985953571976
0.2570198595168711
0.25701985952081574
0.25701976821257144
0.25677087343860444
0.25701985953156387
0.25701985951672457
0.2570198595206911
0.25701985953692197
0.07580747689845987
0.2565834152104364
0.2570198595362941
0.07414715901472604
0.2567690039817819
0.08278779733781948
0.2570198595204415
0.2570196929878969
0.2570197421670724
0.25701985953628337
0.2565789507838657
0.25701985953489076
0.2567638458190289
0.25701985953604634
0.2560449345641174
0.2570198595346121
0.06337648802580002
0.07232484164047036
0.2570198595339482
0.2569385067734749
0.25701985950742995
0.25695166268072434
0.25701985951095957
0.2570198595140981
0.25701985951683193
0.08112772479037393
0.2567446703674903
0.06726071373231864
0.06614589295292429
0.09059831730294265
0.25701985169706637
0.2562815421507633
0.2570198571220829
0.0733735811766776
0.08340888280164764
0.25701985953607237
0.2570198585318395
0.255805311801637
0.2570198595356625
0.09040945832791278
0.25701985762691326
0.2570198595345317
0.2570198585269699
0.25701985953604733
0.08149298280252922
0.08586347785211795
0.2565686039020645
0.25701985953692197
0.25701985953692197
0.25701985953623474
0.2570198595351507
0.25701985953573386
0.25701985953384454
0.2570198595360499
0.25701985261027993
0.25701984490392965
0.25701985953382955
0.25701985953692197
0.2570198579815733
0.25701985953622825
0.2570198542926613
0.25701985491087037
0.06916761597191522
0.07051549407698181
0.07499991446210805
0.2570198567562387
0.2570198595338149
0.2560158166006662
0.2562680191310935
0.25640904221599325
0.25701985953692197
0.25701985953622536
0.2570198595353436
0.25701985953692197
0.25701985953574125
0.25601146387563256
0.070834401602852
0.07380397900825628
0.0751732375782153
0.08317400684946066
0.25626291101498455
0.2570198433580063
0.2570198496046696
0.2570198522441996
0.06553846443199723
0.07371881068166877
0.0750557536787612
0.07794485274986522
0.08739370998478527
0.2570198495595771
0.25701985953692197
0.06898382023677736
0.07224266159712164
0.25701984303869807
0.2570198567068669
0.25701985953692197
0.25701985953692197
0.25701985210785877
0.25701985953692147
0.12263584261537623
0.06845468858242958
0.07084064945492666
0.07508110961125898
0.08781919206907197
0.16082918524422155
0.1832618453879251
0.19448113757562877
0.23022988522830154
0.2328279223233236
0.24620123069845182
0.2465822227294572
0.2570198586309094
0.1355929987411699
0.25701985950643474
0.07312952040453663
0.2570198594317079
0.25694100185084556
0.13573427248146366
0.25257153062780224
0.06723793170507658
0.2525665211885834
0.19460637042476595
0.23789366009903076
0.24741254086908648
0.25670631855515286
0.1469117840217517
0.24515226798077427
0.2484053956313248
0.249353950765325
0.2508136314753394
0.25687738555342887
0.25689478655967707
0.2569297505030796
0.2569419024171928
0.25694931818330746
0.13609769406463162
0.08417626358484648
0.09402987332441344
0.16194337333537884
0.25701985953692186
0.25701985953692197
0.25701985953692197
0.25254253524386994
0.2530855565265
0.18169933138300604
0.06748598026857273
0.08445222728894787
0.09431558577270409
0.2570198595369219
0.23150029382177595
0.25701985953692197
0.24840001898553615
0.25701985953692197
0.25701985952545775
0.2570198595263915
0.25701985953692197
0.25701985952906303
0.25151370895015884
0.2567136399211814
0.25678639189907054
0.2530713623863271
0.25701985953692197
0.17461213085556698
0.25701985953692197
0.07045704183663985
0.2569319340753433
0.08745321495769706
0.09159597013896485
0.09826196374365306
0.2568422609609491
0.2244022820074087
0.25701985953692197
0.23149130082411973
0.23351085842245126
0.2397003135473069
0.24088928669615212
0.2570198567773089
0.21787849263830944
0.25701985953692197
0.25701985953692197
0.25663976704309643
0.253827412586932
0.25305815442786483
0.25701985953692197
0.24928891058943708
0.2567039554184148
0.2569313979651238
0.12074133934666992
0.25073934317091906
0.25667113220627463
0.11243644760472564
0.09065062896006763
0.09728715474753133
0.2569312444778958
0.20951654755754856
0.18378234555620923
0.18578521774425394
0.24925417190860136
0.19300571019380952
0.1947038450352631
0.2191314371043816
0.25701985953692197
0.25675841165846125
0.25664171991368434
0.25681312830173536
0.25684546471664016
0.23245698323980582
0.20953258468524885
0.25072612109639214
0.2399483685263362
0.24482947689905116
0.25696469644889913
0.13645595331915594
0.20949450285800794
0.25684524255545704
0.2568848518705334
0.2567550254308901
0.25693090433203536
0.25694503156765147
0.16216896374193324
0.2569977721537345
0.12069514682245848
0.25697395864066896
0.25700872284325704
0.2570112314439427
0.2570121308836444
0.25701293472015774
0.25701514198773956
0.25701572313315196
0.2569306819970107
0.25701623186635625
0.08468604178220321
0.09467948738774869
0.25701741511076215
0.25701772169959314
0.1205809507809608
0.257018430914186
0.18362921621881428
0.18929620056050037
0.2074634019183822
0.19455991662382588
0.1587244177886885
0.09464445476445049
0.2257846235863912
0.25684473167532806
0.23217296479732066
0.23312785246485127
0.21124738099937063
0.2569447155307791
0.12050175499211983
0.24587784952632336
0.24691541594948394
0.24739048957783125
0.09458350663729614
0.06729685980669599
0.25701985953692197
0.2570198595265085
0.09450927516730494
0.25681150481113424
0.13604322457189935
0.14756945672832716
0.16182146275072012
0.17245424446807756
0.25698694235909764
0.257012264808766
0.2569050982400873
0.2570154204493903
0.2569301901551611
0.2570048315032213
0.14749596748210392
0.2568114882446357
0.25688404327315606
0.2570198595298436
0.25701985242552294
0.13586186611836212
0.18137948462729284
0.1854695168980839
0.18924106794981108
0.2564842618976358
0.2570185843969901
0.22671136100266964
0.22949995808198334
0.1357695373584229
0.14730494889383783
0.24016164464430304
0.2570154050890756
0.25701622635294596
0.2449425460896123
0.2458490751601776
0.24675068507179992
0.24915879397377041
0.25285027264180865
0.2569797368113166
0.24914973225528828
0.25698674921241593
0.25698974558585264
0.2568107230251296
0.2568834867533803
0.25700247808496174
0.25690434938908313
0.25700739752802726
0.25700854907242004
0.07214069324196157
0.2525188638099471
0.08917530225237062
0.14380743996406706
0.14623475688479304
0.16193259248650935
0.1040510331354151
0.1642126268427717
0.1065308225220724
0.11197463766034066
0.17072425955782325
0.2569294542185484
0.25701907333044655
0.25701915657967833
0.25701763390270715
0.25701985953692197
0.22478471368945765
0.23139016837521054
0.2381469017956213
0.25675155175995895
0.23877591321422545
0.24293450567102987
0.25684285172791477
0.24524473158804552
0.24633369166120875
0.24819424415237118
0.2570121651632142
0.25675132866359635
0.25684270450824304
0.25692923194914874
0.2570161911178942
0.25137325880831884
0.2570176246472013
0.25675131274034874
0.2568827091870998
0.256929085837983
0.256982716784025
0.2568428318785289
0.25699948567808756
0.2525150772952586
0.07099850311834349
0.21828719958080745
0.09205139447782248
0.13662761827622846
0.25701985953692164
0.2570198595369216
0.25680886935166825
0.23248310832108604
0.2570198595369218
0.2570198595369218
0.1419237944515884
0.1499326444187221
0.2570138067043888
0.1636910855881716
0.18041754752065367
0.21073783176022523
0.07760592926102196
0.2570187572171868
0.2366032094891545
0.25675190395085884
0.22183206364571065
0.2570191964918608
0.2570192793624791
0.2570193519504792
0.2504399790542017
0.2380389668109997
0.25680902230785435
0.2570195541803077
0.24325362032186562
0.2570196194429165
0.24629382682399412
0.2569431301533572
0.2570121026693136
0.2570153310008066
0.23654575959740715
0.25150952349298406
0.25697893582458864
0.256903680750409
0.17083575028218195
0.25699112794680085
0.2570066831865259
0.25688387205516827
0.14509633425803894
0.2569285056896599
0.23686616175961717
0.2570193340621781
0.2570194703097699
0.2570196687263352
0.25701376812472854
0.25701985952972456
0.24901479967279333
0.22446123641270718
0.2276159957440456
0.23230543240198964
0.23878720332984116
0.2570198595369218
0.1335398066352659
0.24263056946748343
0.2568842961370669
0.17045431730653043
0.2372232761714556
0.25701974873246786
0.25701898487647035
0.252417912932422
0.25701980353512943
0.25701946926424835
0.2569427067845992
0.25701954280453543
0.25692818284625013
0.25701983311872284
0.2570198358675231
0.25701759518213363
0.24898371042329914
0.25681615998023904
0.2570184254152839
0.14428761767801185
0.17013270420765142
0.09177233999211287
0.25701985953692197
0.25701920941439177
0.2570194680747427
0.25701985953692197
0.256847837181589
0.2569278974800162
0.2567171977130875
0.13272448981092463
0.2570196678027335
0.25701985953692197
0.2570198595369215
0.2570198594451807
0.2570198594298745
0.2569423767649034
0.15874425056069602
0.0912047005865145
0.25701985953692197
0.2570187779932694
0.2526911317087437
0.25701985953692164
0.18503153414071632
0.2570192074740658
0.15858754502854944
0.14355457207611375
0.25701985953692197
0.2570193294620638
0.2511472860334389
0.22221608027752857
0.2286000312441804
0.09091828098596104
0.25701966731959686
0.24383618775610036
0.25696225591229394
0.15847631012478147
0.24558768368955566
0.2570198595369215
0.2568410695603599
0.2570197388369378
0.2567174102071294
0.25065128558655064
0.2570197683114644
0.2570197907117895
0.2570198032005275
0.13147320955478664
0.25701985953692164
0.16938498778580763
0.2503133599874378
0.2570198595369218
0.24890948074494867
0.2570031349627553
0.2570078918804883
0.2570094586229606
0.16922167581695421
0.07233923644853485
0.08584779880791853
0.2570198595369215
0.25701985953692136
0.25701920421085783
0.2502971816996475
0.1901736928371515
0.25701946595512243
0.2570198595369217
0.1592236437964098
0.1617534859715238
0.23858877440510412
0.23943305690137615
0.13082909271015325
0.11473605588150997
0.2410129049168582
0.23655243775924528
0.2430997276432908
0.232343440513157
0.24552531526398388
0.25701706830447224
0.2570197263086503
0.2567189189944864
0.25701985953692197
0.2570198595369215
0.25701979035202366
0.2570192026240314
0.25701985953692136
0.2570198302196576
0.2570187687086745
0.25701985953692197
0.2570198554634161
0.25701985784726333
0.2525951275898303
0.25694131874947235
0.2568655968828444
0.2568575523484243
0.2568491638063696
0.10114809183226382
0.2569225812306689
0.2568359600945685
0.25696927845807266
0.25701985953692136
0.25701962083615926
0.2570198595369215
0.2569838565002096
0.25698615178274775
0.17756337667852157
0.18171297271656092
0.21640042844518237
0.2570005753991244
0.2570191999793068
0.18588740336176715
0.25700767061404806
0.25701717699951176
0.22173058468783058
0.2205394866523371
0.20876901192431765
0.22715540244335325
0.24366217329772508
0.2451225113110676
0.216878033493888
0.24593103517006698
0.2525658002915199
0.2570191989726549
0.23635800385450823
0.20866863683341955
0.2570198578396595
0.25701977539373627
0.2570197829272316
0.21683724268183963
0.25701979609626846
0.25701981231799953
0.2570198595369215
0.2568488254627749
0.25696136468521447
0.2568719291595147
0.25701961994556455
0.12815800876923633
0.2568933658740402
0.2569085488819321
0.25701593926558136
0.21677093460596755
0.10026018417342326
0.06926089188367938
0.25697575652547366
0.25701985953692164
0.2569805470462832
0.25701985953692175
0.0803317974612036
0.2569859872171848
0.08276369840855292
0.25698814891686445
0.2569901865328544
0.2514778528532314
0.1796158811642801
0.12792766777686537
0.25700289607669363
0.2570052696112173
0.2570111619985418
0.25700665947824736
0.2570120980654239
0.2570077221809368
0.2363104497197009
0.21668202330559372
0.25694072713832306
0.18476182173888203
0.25701985953692197
0.25696126453903423
0.22620394391348797
0.2525606053819526
0.22153384817345417
0.22373275137791174
0.24776514834565838
0.2567763982888393
0.21664079174767703
0.2570191965089903
0.23627111585664395
0.24360460014637347
0.2570196642209382
0.25672661956871706
0.25701985953692197
0.17937162587025138
0.2565926846453101
0.2570198583614819
0.23218915438470725
0.23562482331058585
0.23703821329062535
0.25701985953692197
0.2570189626615539
0.2562147574057842
0.2570196638885437
0.2569610026507331
0.2566266592605715
0.2570198432895009
0.25686267357598563
0.08882313511025838
0.25690280746339633
0.25701953510363734
0.256212975607294
0.2570191938776165
0.11227677935025547
0.06533023378508805
0.25697162612347285
0.2570198578284148
0.24852527801246949
0.07703104952065955
0.25698723818588975
0.17904247787685199
0.2570043835230087
0.25700620679260217
0.2570159162080522
0.25040601270321766
0.25248625469520297
0.21693975602945265
0.2570195344538215
0.22068301107003235
0.2193595398185206
0.22285062297956654
0.2314201646139244
0.2570165391588685
0.17888950886771415
0.2568549381312143
0.24048743432067946
0.2412461112224947
0.2569845135334894
0.25701985953692197
0.25701985953692197
0.25701919165927267
0.25682741551719324
0.2569969501578567
0.25701953397711114
0.25701775113898656
0.25701966286968453
0.25701985953692197
0.25701985782243014
0.2569830936409984
0.2513396141956346
0.14469733665822215
0.2570193157019304
0.2570195332691586
0.25695877583246096
0.2175646558497342
0.2570116491435465
0.2071321038502989
0.2452764082416297
0.25701985953692197
0.2569897835060532
0.256826793287822
0.24042382328290895
0.25701452002408526
0.25701985246167214
0.2570198543577125
0.2570198571876604
0.2570181202544053
0.24445593991878908
0.2567824550744943
0.25673374000258326
0.2570191888784941
0.257012958124944
0.25701118743877677
0.2570196166126853
0.2569886832813161
0.2569913170489512
0.25701985781719655
0.25701985953692197
0.25701985953089806
0.2570192988286495
0.25701934409731325
0.23113370689031681
0.2203305535795699
0.257019495674871
0.25701985781521997
0.2570196553911513
0.2570196723108495
0.24036101764374018
0.07599815787431821
0.2399163197310752
0.23316656633703128
0.09872421101969625
0.25701985953692136
0.1654074187520355
0.12672326178408247
0.25701985943417105
0.22571439009707292
0.25701985946630107
0.24361825944809792
0.24552790350796663
0.2384235786289332
0.24905270550324354
0.25701985953692197
0.25659943684313047
0.2570198595097996
0.25699178752069707
0.2373444775933399
0.22470892058027359
0.2570051351118213
0.25701985952911927
0.2570198595301215
0.2570198595310057
0.1099722828924964
0.257006111095767
0.16526431400961555
0.25700724450286533
0.22848724116519342
0.0847001194835824
0.10989845427061691
0.2274894106171545
0.24048275729063023
0.25675970846812135
0.15386126735952035
0.25701961728454703
0.08455661170164681
0.25701973133525646
0.2570197682370274
0.12639165584444279
0.09827107206168899
0.25701980289639564
0.2567744605216105
0.16513557998815984
0.25701982412976343
0.24768690129195423
0.25697657013341735
0.1263602546061737
0.09828865137070415
0.25678791258536166
0.25701985953692197
0.25701985953692197
0.25700904944678726
0.24905351922955662
0.25680158192415814
0.16508349068716668
0.25636952299786303
0.22169815973409915
0.24767571744227565
0.25701985953692197
0.08442931158159359
0.25570938625004497
0.13803088593263407
0.2558888235000371
0.25604109959352755
0.25636912337223167
0.21981214379839514
0.2570198583731539
0.2570197574633643
0.10972501236981244
0.2567175576040778
0.16504839202813634
0.06680445379363366
0.2568284431450558
0.21863481724841968
0.25701982645790244
0.2570198594143311
0.10967985669672313
0.2435288862797542
0.237741578983425
0.25701985953692197
0.2476618282753869
0.07551842700523638
0.24352489281030854
0.23773019592695094
0.25697120464030204
0.09825076312142951
0.25669677618644715
0.25698832277858863
0.16498506330561283
0.25701985630056345
0.24543247972030222
0.24764983624289463
0.2569991428980304
0.2334497583694906
0.2570053735710821
0.2570198587795115
0.13798790682800913
0.25677951197857807
0.2570198594052257
0.2559945003179069
0.1770798344767712
0.25626731684662896
0.09830566596176762
0.1097089478333165
0.24764510749116922
0.0845153142823673
0.2563667746185154
0.2377033268840149
0.25701982892760483
0.2570195859380116
0.25701971658840495
0.25701973134157724
0.15365140527333482
0.25701975606297617
0.2570197663637635
0.24542120772586215
0.2570197954671516
0.25636720673650815
0.25701981992558454
0.24348926898329798
0.21936607201147124
0.25697795169651744
0.24902280284230038
0.25699910502646334
0.25636642995244363
0.25651519797494515
0.2570028786309173
0.25700567014079573
0.07839615336436918
0.2570068723287708
0.08597338642950164
0.10921473591908946
0.2567144393452165
0.2558429505309847
0.24062813257527096
0.13458989521298398
0.13711882868399358
0.2559874833512457
0.2560829385591355
0.15716748713595435
0.16192729134233794
0.17761994393413907
0.25701950879906704
0.18233861863903
0.2570140452152426
0.25701985953692197
0.18643954886802386
0.25701985940528393
0.25701985953692197
0.2253107760731039
0.2265560855383042
0.23123619824295094
0.23445814363403036
0.21505920494270372
0.2570196149520735
0.22242327350482446
0.2391270536868704
0.2554378201301383
0.2551021794642758
0.25701985953692197
0.2570197167758081
0.2570197312890023
0.25701985953692197
0.2181452596239726
0.25701976633377
0.2570198593321707
0.2570197746482155
0.2570197891597523
0.25651364981710184
0.25512474438123933
0.2563664048531749
0.25701984452120974
0.25701985619504647
0.10003189352724828
0.10645362102644504
0.11166439239459806
0.11407010294990079
0.12261057156062799
0.12772168533058498
0.2570198555026149
0.25701985385645937
0.257019854485524
0.2570145189584343
0.16677443878786496
0.1689580848668124
0.1769321851109631
0.1809216508887495
0.1849234430807771
0.1888497458209976
0.25701985151875334
0.22079651806160522
0.22229170129854617
0.23021450937863974
0.2374053815339826
0.06763853316720835
0.25701961498502135
0.25701963948813517
0.25701973138564566
0.06758235140748939
0.2570197663668641
0.25701840650970725
0.25701978265162617
0.09889741101007432
0.2570198171768173
0.25701982144991825
0.20963553547819377
0.12675379312440385
0.25701120299695596
0.15401151474742997
0.1653851652895533
0.25592297297685973
0.13873285068366747
0.0763324335131083
0.2569995082814009
0.24034143972709143
0.2570180044548345
0.09904684283937117
0.11046118347382773
0.1784571280334572
0.25701950853547323
0.1268797995095916
0.1388129655298155
0.08519507303581396
0.24032300314365068
0.06744995058286932
0.25701728706251314
0.23759825680982613
0.25701263194634705
0.25701961513048643
0.08523976066555977
0.25701970070317787
0.16554210885152562
0.24032131227487205
0.2570166886666294
0.2570197313064218
0.2570197564403613
0.25701976698917567
0.2570197897822468
0.07639108396943059
0.25516865152042867
0.25701985933260524
0.2570198347903672
0.06741743019564306
0.23322406888470218
0.22996802253421203
0.12719677928667286
0.1390528044213571
0.17705597353175279
0.2570155906914086
0.25701984738545053
0.09947242621312179
0.23758950255453337
0.11086597222564981
0.2569582415962362
0.25701985087558044
0.25632941796024244
0.25701985262294524
0.15439678062177095
0.2565112916177343
0.25582834913230856
0.2559040449114371
0.255975862482214
0.20972431270253059
0.25701119955258434
0.15452671062213488
0.2570145353088463
0.08564819102679627
0.25700083860535183
0.2563635809780369
0.07672513779941376
0.257009055443321
0.06770204921046359
0.2570126314594996
0.12764445830823817
0.25636395798174655
0.15469347789469612
0.06786107511471108
0.2570145383866218
0.10001240932858237
0.2570197671422705
0.2570195088131227
0.07705100487674134
0.25701978989983226
0.2570197963431203
0.2570198125273459
0.256511218005657
0.16601032329917345
0.17791340362595667
0.2570198482033843
0.2570198508183003
0.08615396176860587
0.2570198537752634
0.06827799091481192
0.2300223925745349
0.257019508972845
0.2570166470326704
0.25701719054952155
0.25700128476851014
0.2570032591077953
0.2430848487680437
0.2570198566758822
0.06883913022961174
0.25701970137286057
0.0779705156375363
0.12829467580912696
0.08684312595319102
0.25701976731615234
0.2098867557669957
0.25701980760617815
0.25701982164146026
0.25701982887160724
0.25701983190001404
0.11224836044967416
0.08709756226587849
0.10108927138390525
0.24354089648182703
0.20268309312587834
0.11245687482986202
0.12858452437000417
0.2142034878173589
0.08763705562646376
0.2570153752807076
0.25701576560126005
0.2570198480287372
0.25701612079045183
0.2570172867785665
0.2570177677894062
0.2570198555474689
0.25701122261607634
0.0879155503650843
0.25700718049512106
0.10197987105827228
0.153954842613284
0.2565114089495459
0.14279011238115877
0.2570195663202827
0.25701959434145877
0.10221938012537826
0.25701968273038833
0.15406423094129298
0.2570197321382148
0.25701978335250913
0.2570198127868753
0.20282951774042243
0.2570167225601326
0.21431199981658833
0.2565116874172842
0.25701845749587426
0.25651218377960144
0.257018612912187
0.2570194150712386
0.25701933792983134
0.25701985953692197
0.21010553058629897
0.25701961429559533
0.2570197018285145
0.25701975865177534
0.2570197716528069
0.2570198096587096
0.25701980146461795
0.2570155654079869
0.20293935076726702
0.25651312373013985
0.25701984382137616
0.25268315892153626
0.25701309004592127
0.25701982006336993
0.25701927620316756
0.25700563709304214
0.25701748853547673
0.2570194749039242
0.2570166299227298
0.25701814810778656
0.25701914377690427
0.25701714135200776
0.25701975928153226
0.2524708712224774
0.2570197441678225
0.25701978230507305
0.2570156163790725
0.25651446221087415
0.25701985953692197
0.25701985953692197
0.25695633152528347
0.25701985953692197
0.2570194747009949
0.25701664312840083
0.2570196328271787
0.2570181564571245
0.25701970715622013
0.2570197550786635
0.25701778975726675
0.2570191481056491
0.2570156566608631
0.07118483888054505
0.2570194218241984
0.25269155199473753
0.2570196793146621
0.07729826892316484
0.25701976533396437
0.25701974991080895
0.25701985953692197
0.25701915180785134
0.25701657273618284
0.25701767163257316
0.2570186336240427
0.2570188841642657
0.25701985941158306
0.257015678881955
0.2570008253817657
0.25700347079101843
0.25700453824219605
0.25700788756943194
0.2570091640123537
0.07157406228776655
0.2570198326018752
0.2570196098638073
0.25639086606754513
0.25701967262757247
0.2570156826579295
0.2570198081317906
0.25701715938276865
0.25701980084262155
0.2563913806289203
0.2570198326926682
0.2570156687055754
0.25701929338351576
0.2570191632921703
0.25701985953692197
0.2570189027989962
0.06429369897047427
0.2511769516344019
0.2517056298082198
0.25701932835725927
0.2541320295770267
0.25452404599521267
0.2570194682501757
0.2551988248481459
0.2570169841767568
0.2570178282358853
0.25701726569922473
0.25701968402240777
0.2570197582970116
0.06935479446005148
0.25701977170539286
0.06807334927093844
0.2570163189211609
0.25701665784961436
0.2570189232454233
0.2570122197775308
0.2570134126574266
0.0821183258885292
0.25701985953692147
0.25701980263055374
0.25701981673077334
0.25629386866755965
0.06220527835636829
0.08791322996149528
0.2558021099839293
0.08600319568428252
0.06567790330898422
0.2570198595369218
0.25701985953692197
0.25701985953692197
0.25699882811549496
0.2570010700583251
0.07278235002781203
0.2570194681556629
0.09636877674679979
0.10912893135886216
0.08045256314344178
0.2570196257694642
0.25701967231432615
0.25701781176435956
0.2570182781238656
0.2570197927546902
0.2570198125877016
0.2570198174450805
0.25701982961650743
0.2570198359714122
0.06187590348812062
0.12350080934210106
0.2570198595369219
0.25701985953692197
0.2570198595369219
0.25701985953692197
0.07520563193331846
0.13904857003003473
0.25700530425331725
0.2570091960044652
0.25701527226569215
0.25701985953692197
0.25701878867087125
0.2570189994069084
0.25701985953692197
0.0728469514808658
0.25701985953692197
0.25701985911261027
0.094094866289431
0.2570193444835773
0.2570198150035609
0.25701985953692197
0.14916756986565943
0.25701985953692197
0.25701985953648715
0.25701983564666675
0.25701985667659977
0.25701985953692197
0.25701985953692197
0.25701985953692197
0.24404478026677723
0.25701840558992006
0.25701985953692197
0.2570192258374066
0.062410047311072116
0.08634388557810584
0.24570896951376572
0.2570131931481772
0.25701985953692197
0.25701549972117893
0.09172895807708369
0.25701985953692197
0.10740143460788516
0.2490912271697538
0.11881903598821957
0.2570188197210463
0.24246425067159688
0.2570198595369219
0.2570198595369219
0.09328794110535187
0.25701948263017604
0.25701985953692197
0.25701985953692197
0.25099242737666244
0.2570063661894772
0.06927659643772079
0.11493050158739593
0.24583564843717276
0.25701452584059
0.2478195926974737
0.25701979500832395
0.24918563973636276
0.07452690032658246
0.2570188303690826
0.24975018350295727
0.2541257553335748
0.2570197251602419
0.2513916760301826
0.06568891410846348
0.25701985953692197
0.2570193609981287
0.2570198362609661
0.24561733436904504
0.2570197798448729
0.25701963667066013
0.12025284748789283
0.25337080529392186
0.06921540701092592
0.2570134026696173
0.2570146299549588
0.2570151539312203
0.25701978018062627
0.25701563442528863
0.06358867523856233
0.257018844287036
0.24333667435074477
0.25701936596244884
0.06341690189133002
0.25701985953692197
0.25701985953692197
0.25701985953692197
0.25701985953692197
0.24320526765030362
0.06333289831629543
0.25701985953692197
0.07657142445698864
0.2570196375251744
0.25701985953692197
0.06719291056121812
0.2570198110223363
0.24543955283964286
0.25701985953692197
0.07993644694653977
0.25701412685884895
0.25701985953692197
0.25089565198349945
0.2486005913353737
0.0669654269806098
0.25701985953692197
0.25701985953692197
0.2534773429003244
0.257019754993389
0.0739850795495129
0.0676949685709803
0.25701985953692197
0.25701985953692197
0.09814378789713599
0.25701975536463967
0.257018091584543
0.2570196432878199
0.2496126691473737
0.10301059017476455
0.07454643732648597
0.25701973008310364
0.2570135665406044
0.2570142061220725
0.25701985953692197
0.2570196447462891
0.25701985953692197
0.25701968709393036
0.25701985953692197
0.2570197826669384
0.09769577827213866
0.25436230335660176
0.2543793294123747
0.2570188887105956
0.2570181317199934
0.25701964713040565
0.25701950704903526
0.2537162570609724
0.2537388634872884
0.25701985953692197
0.25701985953692197
0.2531086870162817
0.25701985953692197
0.257018556682427
0.25387959695312723
0.2545449852833978
0.25701933028549184
0.25701958986559276
0.2570198024586431
0.25701970125117507
0.25701985953692197
0.25701971523021777
0.25701972803166795
0.25701908532177653
0.25701975031182783
0.25701978565623984
0.25701985953692197
0.2570198595369214
0.25701985953692197
0.25701985953692197
0.25701985953692197
0.25701980312669975
0.25701985953692197
0.25701985953692197
0.2570194698167667
0.25701980342226627
0.25701985953692197
0.25701968368752626
0.2546623382260848
0.2570197296551942
0.2570197518632581
0.2570197868605817
0.25701985953692197
0.25701980405869196
0.25701956318473085
0.2570196825196561
0.2570197011158665
0.2535513628977295
0.25701985953692197
0.25268379261010654
0.2569742246959287
0.25701985953692197
0.24815835693889832
0.2536658942102258
0.2542216415272974
0.25701985953692197
0.2570195320954767
0.2570196383426896
0.2570196609306243
0.2537108177038782
0.25701978057310576
0.2570197889096308
0.24775263966805955
0.25429188437829936
0.25291323239324964
0.25377680237934014
0.25701985953692197
0.25701985953692197
0.2537999671633387
0.25295903849488743
0.25701980553834275
0.25701958848950135
0.2570196137724351
0.25701985953692197
0.2570197428761918
0.25437625151040993
0.25701985953692197
0.2538842457707908
0.2549472437826747
0.25701985953692197
0.2570198061040984
0.25701985953692197
0.2481846700592849
0.25701486063586076
0.25701985953692197
0.2539279229008578
0.2502622337462382
0.25444696957813284
0.2539471173404679
0.2495551243390582
0.2504595332363201
0.2485760142175179
0.25701365147802135
0.25701985953692197
0.25701985706056246
0.24972380624550505
0.2532021603264242
0.25398847159847343
0.25701985953692197
0.25399595653092766
0.253259245181003
0.24565863853532335
0.25018846178396054
0.25698589605970173
0.25701336282205356
0.25701985953692197
0.25701985953692197
0.25441675426020105
0.25701985953692197
0.25701985953692197
0.24705202402410467
0.24840786625275546
0.25701985953692197
0.25701985953692197
0.25701985953692197
0.2444229032437579
0.24606484470820408
0.25701985953692197
0.25701808441992224
0.24607669140322014
0.2494218770432135
0.25555489895838485
0.2569348413491442
0.2569942846523871
0.25560040238673004
0.25701985953692197
0.25701985953692197
0.25701985953692197
0.25701985953692197
0.25699443029213614
0.2563044499742704
0.2557547295912264
0.25701981290539005
0.25701985953692197
0.25699909052213493
0.25701985953692197
0.25701985953692197
0.25589655573392817
0.2522212621034816
0.2520803009244527
0.25542601937964304
0.2519276755416588
0.25701985953692197
0.25701985953692197
0.2517773133843149
0.25701985953692197
0.25701985953692197
0.25701985953692197
0.2570198595155394
0.25514060549340684
0.2569947401933506
0.257019857609068
0.25696741551358465
0.25519375926648374
0.252954658343898
0.2569871467427963
0.2552454980223965
0.2569797161020174
0.2521459935804799
0.2556879606435542
0.25701985953692197
0.25701985953692197
0.25699937302471837
0.25599817784380324
0.2524007141560873
0.25648956750619545
0.2556122666208282
0.2548567168940139
0.2562965832235233
0.25433367587880645
0.2563173760101707
0.2513343370121372
0.25699500087612875
0.2563376943284131
0.2569874854451802
0.25701985953692197
0.25701985953692197
0.25585937460286107
0.25654523698702986
0.25701985953692197
0.25698756234881814
0.25701985953692197
0.2562524136977241
0.2562735510061834
0.25698761539078885
0.25408527495828354
0.25104204639150357
0.25629461691228517
0.25518601151202497
0.25701985953692197
0.2564780873210954
0.2569876849576742
0.25701985953692197
0.2569685525948264
0.2560956708332658
0.2561211024363808
0.25404976518384265
0.2556390613733461
0.25701985953692197
0.25701985953692197
0.2560577481166997
0.2565175580775081
0.255254522983913
0.2557256468238471
0.25338722145970166
0.2543242711771979
0.25610672996111294
0.2534722492159264
0.2566232779693778
0.2569571638785656
0.25505444153707557
0.25701985953692197
0.2555551731904255
0.25559304883675316
0.2552450246455857
0.25579050788063096
0.25536912590985794
0.25628055822327905
0.2566362247069892
0.25701985953692197
0.25548531365991056
0.25552153944927036
0.2569951452757253
0.2569996084714312
0.25640448124790716
0.2545077766056275
0.25699512097785515
0.25701985953692197
0.25701985953692197
0.2564789236261377
0.25699503515349054
0.25701985953692197
0.25672555155703414
0.25650571144598167
0.2567403983390881
0.2558214005524806
0.25701985953692197
0.25667392643380155
0.25701985953692197
0.25701985953692197
0.256986976295791
0.25701985953692197
0.25683812136800416
0.25600040192269413
0.25670798703614256
0.25701985953692197
0.25701985953692197
0.25701812803798174
0.25690625883533785
0.2566600004730014
0.25653707043413027
0.25699437338144165
0.2570181199745958
0.2555326148197559
0.25668669107700837
0.25683611542461665
0.25597470492181007
0.25701985953692197
0.2556301621715725
0.25701985953692197
0.25701985953692197
0.2567967743823566
0.25650124433865895
0.25630748626396344
0.2566347174350366
0.25699870166256805
0.2567478807689242
0.2566436700824501
0.2568749893489279
0.25701985953692197
0.2569986163899636
0.2565612932025723
0.2569414306390693
0.2569131039866319
0.25668800538150505
0.2568434869483531
0.25679220627337057
0.25701985953692197
0.25701985953692197
0.25699834661009235
0.2568570744642993
0.2568095372269401
0.2569109240758942
0.256923913177854
0.25692793426401783
0.25701985953692197
0.25699816378765633
0.2567432823994975
0.25701985953692197
0.25675046750611447
0.25683052038433013
0.25699818733877
0.2565378632186333
0.25675753261576456
0.25684014847102776
0.2567705726152279
0.25696384542073764
0.25693365049016437
0.25696360667293416
0.25659632218998496
0.2567716669492415
0.25683496554572277
0.25684274716103533
0.2569189659486852
0.25701985953692197
0.25701985953692197
0.25701985953692197
0.25698250321396954
0.25701985953692197
0.25701533521557063
0.25701985953692197
0.25701421894879006
0.25701985953692197
0.25698520049571044
0.08190241176291681
0.25701985953692197
0.12211093001973962
0.25701262232392175
0.2569695704438671
0.12116675983305006
0.10331757124432904
0.25701985953692197
0.15552802313399297
0.2569731016102292
0.2569825626379544
0.2569856641029121
0.25699110130075226
0.25701985953692197
0.10577391301844323
0.14282529501201707
0.09148712896761604
0.06929409881515886
0.15403497994292295
0.25698364610320606
0.256994531221521
0.1491218433526905
0.14667190369265035
0.08185481495432786
0.25701985953692197
0.25701985953692197
0.25701985953692197
0.25696781169061683
0.2569862433812749
0.2570075721564883
0.15004072315412842
0.25701985953692197
0.25695541403808225
0.25695537063320134
0.25701985953692197
0.2569759276447367
0.25698139943839954
0.25698470109307275
0.25698622486598943
0.2569917289889657
0.25699527141377876
0.25700694194057994
0.18244346215443788
0.17836439948679517
0.09932227424923742
0.08936681300625532
0.25696949363683536
0.25700030455051065
0.17761546529699326
0.07371609499482086
0.1097793363745903
0.07594000551775883
0.2569836314935863
0.11560484420376836
0.07022983132796046
0.08438206493584464
0.14521250230262786
0.07187111868034873
0.11296398518346142
0.25701985953692197
0.2569911230885011
0.09142321663355771
0.13539845593856364
0.07241914902260592
0.1307495925784102
0.25701985953692197
0.16820005981321123
0.25701985953692197
0.08094702676807253
0.2006356128711283
0.25701985953692197
0.25701985953692197
0.10549462683241999
0.09343697394724192
0.16797528879238519
0.2049116782289988
0.15058580510990272
0.20593708357216486
0.10070752508798617
0.10527842219701083
0.21194335495487776
0.18124483583301657
0.22075857623684986
0.25701985953692197
0.12981698772920092
0.16305315437665965
0.25701985953692197
0.20468579184140556
0.2022199443552006
0.20138005352164742
0.19727777893854426
0.20054225397000583
0.1878798556923656
0.16381058049602434
0.21687088596237752
0.18357730422030447
0.15549614484303792
0.17045655695175826
0.19541820988621783
0.18734027419560367
0.2206667078307617
0.25701985953692197
0.25701985953692197
0.19313739279598605
0.23245451836691094
0.25701985953692197
0.25701985953692197
0.25701985953692197
0.1923562140661041
0.25701985953692197
0.17876614169497884
0.2380598272293757
0.18282381068741357
0.23423386233429772
0.14738164414487023
0.24095577241997995
0.18860898496598547
0.2367450168537452
0.1866175768358391
0.25701985953692197
0.16694963172747132
0.25701985953692197
0.1590142421480662
0.237919424939633
0.22682972601687956
0.25701985953692197
0.2390438171083806
0.25701985953692197
0.25701985953692197
0.25701985953692197
0.21418916427951865
0.22319300441965448
0.24129029525154322
0.22504783418553165
0.22251938102686672
0.1934040485064574
0.21162517386013677
0.25701985953692197
0.25701985953692197
0.25701985953692197
0.20527216586964867
0.24447252351187146
0.23373771114719827
0.2245433072714514
0.197806940883595
0.2256717805362478
0.22670758795206916
0.21899441844598394
0.24805624685906774
0.23727386201731532
0.24018889706315102
0.2358915263846793
0.25004382483764426
0.25701985953692197
0.23705189954312628
0.25044315578598847
0.25701985953692197
0.25071184963640647
0.23517539898979384
0.25098061206119215
0.247367328403304
0.25701985953692197
0.24480747706262074
0.24557915093556648
0.25064713396655836
0.24375580000716582
0.2525130837073998
0.2520856179736869
0.24574292420047347
0.2545669550150701
0.24875419405220361
0.2546683513190648
0.2490484841520642
0.2475867028581417
0.24976368938068275
0.25495160505980946
0.25055231630196495
0.2548172689235377
0.2551134348003321
0.24994499863443437
0.2538536058004331
0.2547110931938027
0.25528976420905325
0.25701985953692197
0.25164827088580444
0.255343115500409
0.25343558964247054
0.25544132500674027
0.2531435903998217
0.25531164858613503
0.25520530046487794
0.25372214245120306
0.25489388723462186
0.2534255776124918
0.25352042772057837
0.25281122936950723
0.2555510993101072
0.25701985953692197
0.25621221468498107
0.25497764776839493
0.25603762561225807
0.2556745786235508
0.25701985953692197
0.2550135171356739
0.25610955492403137
0.2565114337383012
0.2536714349095715
0.2527025096662832
0.2563497706722751
0.25609462085251644
0.2528865767245192
0.25540052312465655
0.25669063964759
0.2561334574165385
0.25578725289175447
0.2566083037101413
0.25673725888216586
0.25641206233776176
0.25649554544550796
0.25667417766301776
0.25636319423326615
0.25701985953692197
0.25701985953692197
0.2526736822940252
0.25640622815224245
0.2565731128141778
0.12460206100090351
0.25701985953692197
0.25701985953692197
0.25701985953692197
0.2566731296572452
0.11207561058312514
0.2564685635222239
0.25701985953692197
0.25701985953692197
0.25701985953692197
0.25701985953692197
0.1324716890919193
0.256825068880505
0.25701985953692197
0.25671746827353614
0.25701985953692197
0.2566132379718224
0.25701985953692197
0.25701985953692197
0.25701985953692197
0.25675011325432184
0.25701985953692197
0.11432722781242499
0.25701985953692197
0.25690791017233783
0.25701985953692197
0.25692360329284164
0.13103238534124514
0.14448176949554345
0.2569058415212752
0.17735559924907815
0.25701985953692197
0.25701985953692197
0.25701985953692197
0.25701985953692197
0.25701985953692197
0.25701985953692197
0.25701985953692197
0.25701985953692197
0.25701985953692197
0.25701985953692197
0.17202489736820617
0.25701985953692197
0.25701985953692197
0.25701985953692197
0.25701985953692197
0.25701985953692197
0.25701985953692197
0.25701985953692197
0.25701985953692197
0.25701985953692197
0.25701985953692197
0.25701985953692197
0.25701985953692197
0.25701985953692197
0.25701985953692197
0.25701985953692197
0.25701985953692197
0.25701985953692197
0.25701985953692197
0.25701985953692197
0.25701985953692197
0.25701985953692197
0.2564904561537422
0.25701985953692197
0.25701985953692197
0.2566658097954843
0.2567122392889001
0.2570198595369219
0.2567528119277188
0.25701985953692197
0.25701985953692197
0.25701985953692197
0.25701985953692197
0.25701985953692197
0.25367322479484544
0.25701985953692197
0.25701985953692197
0.25701985953692175
0.25701985953692197
0.2570198595369219
0.2570198595369218
0.2570198595369219
0.25507345862859504
0.2570198595369218
0.25701985953692186
0.2570198595369219
0.25701985953692197
0.2570198595369219
0.25701985953692197
0.25701985953692197
0.25701985953692197
0.25701985953692197
0.2559193692398048
0.25701985953692197
0.2551707697312087
0.25614733218680735
0.25701985953692197
0.25578346879359853
0.2559623677720011
0.25701985953692197
0.2552406526035464
0.25701985953692197
0.25701985953692186
0.25701985953692197
0.25671668382144935
0.25701985953692197
0.2570198595369218
0.25701985953692197
0.25701985953692197
0.25701985953692197
0.25701985953692197
0.2558821220721401
0.25537683881152057
0.25701985953692197
0.25701985953692197
0.25701985953692197
0.2568017569175815
0.2563669337779148
0.2560716665248403
0.25701985953692197
0.25701985953692197
0.25669989804848997
0.25565519981661616
0.25701985953692197
0.25701985953688256
0.25701985953692197
0.25681471979877524
0.25701985953692197
0.25701985953692197
0.25701985953692197
0.25632293147662827
0.2564300290566323
0.2561721466661777
0.25633822126020656
0.2565817158160593
0.2567287469916876
0.2558383540677402
0.25701985953692197
0.25688133980447303
0.2568993752045375
0.25483929022790397
0.25701985953692197
0.25490511187646053
0.2570198595365515
0.25590604048558263
0.2562464976562048
0.25639767339313047
0.2561400458352807
0.25694014698399054
0.25701985953655776
0.25616072819670677
0.2570198595365618
0.2570198595368668
0.25694220871668944
0.25676153880330027
0.2561812072097722
0.2570198595365065
0.25701985953656614
0.2568830213487921
0.2568919595296613
0.256908339953981
0.2569156675011638
0.25692428549713037
0.25701985953657025
0.2570198595367907
0.256035505896872
0.2565462147758846
0.2570198595366854
0.2559048305951574
0.25649439662712226
0.2552744091156994
0.2570198595367733
0.2559402115732395
0.25701985953686995
0.25627969456549415
0.2565075201352363
0.2567900454287731
0.2565202523448067
0.2570198595368899
0.2563403539296181
0.25696240803367226
0.2570198595368353
0.25701985953659395
0.25696980373692774
0.25631431124880566
0.25695832594923396
0.25679831469415865
0.2570198595367683
0.25701985953689366
0.2570198595368522
0.2568996333695799
0.2570198595368414
0.2570198595366359
0.25640778198173575
0.2570198595368551
0.25642865053874464
0.25635513560065737
0.25686013604138613
0.25701985953682155
0.2570198595367836
0.2570198595368728
0.25701985953678796
0.2567655540589359
0.25682260374330096
0.2570198595366693
0.2567727735007231
0.256827956927396
0.25701985953684064
0.2567795406722549
0.25701985953672685
0.25701985953685363
0.2568004559046448
0.2570198595367389
0.2568901327496803
0.2570198595366994
0.2569337405058526
0.2569416637406116
0.25684956000038395
0.25682885445737635
0.2569573859150087
0.2569653235765741
0.25696857679464963
0.2569847950810046
0.2567971212999244
0.25679202142161506
0.25698060344800494
0.25698305675097566
0.2569875394458109
0.25687613087771743
0.2568842200958227
0.25699650457347606
0.2568158271921066
0.25686151930696055
0.2569329605124792
0.25700508655485305
0.2569804903609578
0.25698921221584825
0.2569975921207222
0.2568998008327732
0.25700411404780626
0.25700532689216227
0.2568557029153991
0.2569895039130813
0.2569948326567305
0.25699783981508373
0.2569497017179082
0.25694565023211596
0.2569152174303732
0.25701935066829923
0.2570176364469531
0.2570114078949566
0.25701877910250454
0.25701885679351044
0.25701431326198676
0.25701473472213254
0.2570168809644616
0.2570178271433506
0.2570182806718146
0.2570175129820654
0.25701937359632826
0.2570194563895093
0.2569221709536435
0.2570189237954028
0.25695450353377264
0.2569649651071634
0.2570180587763078
0.25701870433131274
0.2570145905776658
0.25701899262388517
0.256956358653434
0.2570187923735031
0.2570190267418899
0.2570191577931715
0.25701943018590906
0.25701905857561913
0.25701795946724526
0.25701434775119353
0.25701867358380776
0.2570190908725322
0.25701838259774384
0.25701872274031673
0.2570189168596613
0.2570146509332586
0.25694210844704934
0.2569463304379081
0.2569332964572337
0.2570194778379877
0.25701943313291054
0.2569644330826292
0.25697050834713236
0.25697593045540634
0.25698072128306504
0.256982810075856
0.2570192878115206
0.25697043360993627
0.2569783752431194
0.256982888699177
0.2569849813223463
0.25700514606180297
0.2569694236689323
0.2569844946583714
0.2569865215823725
0.2569883970358541
0.2569901530147825
0.25699183337971404
0.2569952065371236
0.257002929936448
0.2570042655317222
0.25700897122870414
0.25701337922050044
0.25701903734466097
0.2570010791808683
0.2570182191285496
0.25701907711795957
0.2569783168167264
0.25698899638257283
0.25699250674932056
0.25699743924268026
0.25701953240442116
0.25701937435289723
0.25701873882642706
0.2569694092488135
0.25701757316263707
0.25701706372153493
0.25701589855243123
0.2570194695345599
0.25697155335946315
0.25701955961107437
0.256981987468719
0.25701957097416006
0.2570194249315548
0.25698649960047204
0.2569900443294028
0.25699172188371333
0.2569754214978219
0.25700843386087996
0.2570090908930742
0.2570097243119079
0.2570113789104839
0.25701187443449697
0.25701319903397535
0.25701944532036397
0.25701550875062024
0.2570160225102509
0.2569772402154571
0.2570174480164153
0.2570164582696443
0.25701794440806486
0.2569789080293807
0.25699900845923024
0.2570189635382761
0.25701802168791815
0.2570056190254889
0.2570192765437921
0.25701759612172115
0.25701980999337365
0.257019803086274
0.2570197906124676
0.25701955231269497
0.2570197811691533
0.2570197761275176
0.25701950775638555
0.2570197427728531
0.25698334750019963
0.25701941473557477
0.25701750065103623
0.2569951108478618
0.25700643312022714
0.2570193436261468
0.2570196932419306
0.25701951898309733
0.2570170480700275
0.25701759749934633
0.25701790191542784
0.25701654272757846
0.2570195821561321
0.25701981190287493
0.25701980796804674
0.2570198042781766
0.25701980047757994
0.2570179824499421
0.2570197964797627
0.25701855612940266
0.25701982639763815
0.25701120399432487
0.25701269761809564
0.25701978761458844
0.2570131269537673
0.25701837101273883
0.2570197827170632
0.2570196839500071
0.25701974989823817
0.25701914545685606
0.2570197717578728
0.25701955196175086
0.25701947645027823
0.25701843180483047
0.25701981620506725
0.2570198248485004
0.2570198123606097
0.25701980923467094
0.2570195635301249
0.2570197378487474
0.25701979023074956
0.25701929526918427
0.25701977983603924
0.2570145067814263
0.25701523112362323
0.25701854204776164
0.2570179755897844
0.25701823041431016
0.25701944599175996
0.2570195191024375
0.2570183019210924
0.25701969538339864
0.25701933918599534
0.25701983049836225
0.257019826615202
0.2570195301579741
0.25701982456269107
0.25701982007156166
0.25701901428834767
0.25701981759478504
0.25701980626786625
0.2570177986939578
0.2570186953427719
0.25701979189177193
0.25701905106043516
0.25701929973803656
0.25701983650881366
0.2570198296093142
0.2570198216097294
0.2570193443581321
0.25701957468857795
0.25701971329582923
0.2570099244111813
0.25701576949223587
0.25701958217942156
0.25701984956568724
0.2570192436913488
0.2570180489324525
0.25701840731902775
0.2570195895363925
0.2570198420612297
0.2570198504945415
0.25701926360261196
0.2570026040956426
0.2570198371667981
0.2570198360467648
0.25701965358827183
0.2570196040487576
0.2570160576346366
0.2570198202680439
0.2570195636528905
0.2570196924691589
0.257019853256628
0.25701852945272424
0.2570198415120456
0.2570197953645946
0.2570195717344828
0.2570198396421381
0.25701961689230135
0.2570196966912651
0.2570197804581911
0.25701983436749
0.25701699952140383
0.25701874062090724
0.257019831082249
0.25701957933146363
0.25701985473436406
0.2570197495644457
0.257019700660322
0.257019242837607
0.257019853948574
0.2570174898604441
0.25701981467725615
0.25701962828524444
0.25701958628533117
0.2570197045151739
0.25701911236347075
0.25701944591057524
0.2570198511799777
0.25701709571168885
0.2570196335694807
0.2570191299899828
0.25701984567011904
0.25701985598134763
0.25701985579534486
0.2570198417171333
0.2570194664084783
0.25701974693450735
0.25701717111222955
0.25701985391878457
0.25701983398818334
0.2570196978650907
0.2570197158282002
0.25701982144426966
0.25701962473335577
0.2570198464196522
0.257018390390615
0.257019844175265
0.25701985689848184
0.25701979245056455
0.25701723663498816
0.2570184156281904
0.2570197756637034
0.2570198324569445
0.25701887156966025
0.25701985427408336
0.2570198264154769
0.25701954584358816
0.25701982470325846
0.2570198209937159
0.25701985474786143
0.2570198571142377
0.25701980909561367
0.2570196807553821
0.25701771938386586
0.257019787672774
0.25701978014786014
0.257019771499591
0.2570177295470216
0.25701984231147645
0.2570184700669659
0.25701820511733886
0.25701909903895964
0.25701985751745704
0.25701874945721814
0.2570192126102134
0.25701983293340136
0.25701982687155345
0.2570198480037756
0.25701966315883934
0.2570195105693433
0.2570192183052972
0.2570198471869093
0.25701910900994274
0.2570198036639993
0.25701985683662987
0.25701922261241006
0.2570197963380336
0.2570198399731173
0.2570197880116946
0.2570195683779133
0.25701734415621
0.257019825828108
0.2570198582436082
0.25701973590566973
0.2570195187767858
0.257019431602507
0.25701971349165564
0.2570198576370125
0.2570195721843418
0.2570184902645184
0.2570193577214556
0.25701985022883844
0.2570191196969317
0.2570198569235054
0.25701976514169866
0.2570195739383168
0.2570197920093608
0.2570143884551504
0.2570155369074215
0.2570197845167212
0.25701984453471616
0.25701773668864714
0.2570198552693297
0.25701984296701164
0.25701912125650705
0.25701983632753844
0.2570198586244217
0.2570184839804364
0.25701912156806184
0.25701970487855674
0.25701280858151787
0.25701892962960216
0.25701936191131275
0.2570198551155662
0.2570196782555788
0.25701952469763223
0.2570195770804397
0.25701966854533825
0.2570187626841029
0.2570198165492251
0.2570198141375509
0.2570192324044365
0.257019811624653
0.25701984942502915
0.25701985694227925
0.25701985664518195
0.2570198411687864
0.25701985607132843
0.25701985165165797
0.2570198018580804
0.25701781117936007
0.2570180971116583
0.2570162926778097
0.2570166896559782
0.25701964536945343
0.2570190795931231
0.25701936228629063
0.2570194130756453
0.257019460214064
0.25701974189002647
0.2570198133482058
0.25701985819211737
0.25701985794377
0.2570197286138361
0.2570198574229486
0.2570198573022764
0.2570198568917272
0.2570198020246546
0.2570198564637517
0.2570197052474339
0.2570196963420022
0.25701957786205276
0.25701985872702754
0.25701982576208554
0.25701982301924997
0.2570198276834851
0.2570198353165467
0.25701973910435605
0.2570195156072483
0.2570192743170288
0.2570189173464826
0.25701982434731974
0.2570190167231521
0.25701942687185764
0.2570194622073461
0.2570198428475995
0.2570198587030127
0.25701984527943184
0.25701978471759745
0.2570197900347656
0.25701980858285123
0.2570198562539333
0.2570198567856376
0.2570195936202623
0.25701985734904287
0.25701985747101114
0.25701985844003794
0.2570178240952255
0.25701806349148626
0.25701951407831913
0.2570198453748913
0.2570198137476235
0.2570195928998259
0.25701983566401526
0.25701959222467885
0.2570198565265399
0.2570198568568073
0.2570197680648817
0.25701983000570217
0.2570198574082484
0.25701985774346225
0.2570198579377354
0.25701985811218636
0.2570195911684079
0.25701985823195045
0.2570198455403859
0.2570185166120741
0.2570197680142141
0.25701951695369885
0.2570193445510972
0.2570198301343086
0.25701984324623184
0.2570198483854403
0.25701952469203726
0.2570197678113483
0.25701979903783884
0.2570198359310111
0.25701985652821785
0.2570198574507197
0.2570198577314001
0.2570198580865781
0.25701985818544715
0.25701985827849344
0.2570198584503007
0.257019858513857
0.2570198585597399
0.25701946322216207
0.257019226360251
0.2570198484603138
0.2570192559569826
0.2570197798742284
0.2570198104813394
0.2570198237688866
0.25701983944263884
0.2570198433459931
0.25701985882271844
0.2570194145549124
0.257019855594007
0.2570198571557695
0.25701983593407174
0.2570198586828586
0.2570198587440289
0.257019779351797
0.2570198240386428
0.2570198502674454
0.25701980684735426
0.25701979565506666
0.25701985616914086
0.25701985661654403
0.25701984332660066
0.25701942280200607
0.25701985751895123
0.25701985765955676
0.2570198577910095
0.2570197948810037
0.2570198586417336
0.2570198587343052
0.257019829797543
0.25701984329961886
0.25701982967081816
0.2570198392467657
0.25701985684053863
0.25701985738105076
0.2570194837964995
0.25701985843053166
0.2570198496622918
0.2570198240320669
0.25701979197163666
0.25701985184316467
0.2570198523087154
0.2570198431446816
0.25701979940113
0.25701982921129357
0.25700487643857595
0.2570198430829422
0.2570198561777651
0.2570198576870625
0.25701985781963194
0.2570198579446696
0.2570198583550757
0.2570198290380729
0.2570198585920319
0.25701983877492945
0.25701984292931795
0.2570198231538799
0.25701975541820415
0.2570197877211616
0.2570198153936807
0.25701980638651706
0.2570198553684522
0.2570198561684471
0.25701983860891264
0.2570198502672972
0.25701985722583814
0.25701985754620016
0.2570198227604402
0.2570198581710639
0.25701984822544377
0.2570198585969842
0.2570050157565029
0.25701978069942655
0.2570197891139417
0.2570198090705816
0.25701985081298584
0.257019851614134
0.25701985637814695
0.2570198575362644
0.25701985852391895
0.2570198585961378
0.25701985884028733
0.25701981824448716
0.25701983073236173
0.25701984019620705
0.2570198010668357
0.25700910608661415
0.25701984769472497
0.2570198497742182
0.25701985067043465
0.25701985664202415
0.25701985753174816
0.25701985764954405
0.2570198580623036
0.25701985857438936
0.25701985873508354
0.2570198588692533
0.25701985890853296
0.25701115211598763
0.25701980724571877
0.25701983184868477
0.25701984035182807
0.2570198425533611
0.2570198554562948
0.2570198563322638
0.257019856871428
0.2570198577750829
0.2570198580895793
0.25701985854636167
0.25701985896478663
0.2570198115614609
0.25700708403611805
0.2570198294114976
0.257019854994028
0.25701985557001944
0.25701692152910394
0.25701985643228753
0.25701985670727223
0.25701985698800783
0.25701985716224046
0.2570198577913733
0.25699771151595896
0.2570198168478703
0.2570017518810712
0.25699754337266084
0.25701592587952404
0.25701985419345086
0.2570198545153565
0.2570198549557896
0.257019855758007
0.2570198393016247
0.25701985714572767
0.25701985772440095
0.25701985861021603
0.25701985871259636
0.2570198589593027
0.25700117827502
0.25701648392863347
0.25701981809437174
0.2569971887238515
0.2570198552818657
0.2570198557860386
0.2570198562207371
0.25701985642023734
0.25701984581912807
0.2570198567839241
0.25701985752111006
0.25701985764330404
0.257016424672684
0.2570183314017337
0.2570198511346468
0.2570198515790343
0.257019858469021
0.2569972160988725
0.2566669886450592
0.25701069700322426
0.2570080295891327
0.257019820529066
0.2570156028371212
0.2570198263275017
0.2570198289206253
0.2570186511762067
0.25701984463238997
0.2570182205285346
0.25701984947743767
0.2570198508952122
0.25701552384432397
0.2570187248686743
0.25701985670036126
0.25701985687316903
0.25699775333205277
0.2570198575874932
0.2570198584407947
0.2570198585767153
0.25701985887891365
0.2570198590171194
0.25701985907016767
0.25701985911220215
0.25701985916219816
0.25701983444085774
0.2570198430140985
0.25701984516135984
0.25701984592455945
0.25701985165654595
0.2570174010019066
0.257014016905353
0.25701760095052434
0.25701985500723873
0.2570198577796874
0.2570198581026787
0.25701982151991193
0.2570198586690238
0.25701985900558416
0.2570198591584186
0.25701985918009235
0.2570160223742982
0.2570198395961366
0.25701984443834747
0.2570198462957055
0.25701985100204966
0.257019851450526
0.25701868663206656
0.25701521925877685
0.25700847643645475
0.25701757901005845
0.25701773221051516
0.257006765066193
0.2570198393499527
0.25701984536053757
0.25701985520789716
0.25701985575015723
0.2570198564516046
0.25701985805263006
0.256998780407403
0.25701985898195423
0.2570198590513471
0.2570135045394487
0.2570134068989561
0.2570198553431726
0.25701985648700226
0.2570198570169418
0.25701983521633365
0.2570198374826704
0.2570198410713835
0.2570198437576805
0.25701985897237994
0.25701489766648605
0.2570198586500983
0.2570190994797006
0.2570162787055685
0.2570185503902749
0.25701772525378674
0.25701983995211786
0.25701705265820424
0.25701984280485873
0.2570198440926222
0.2570193164392404
0.2570198457983514
0.2570080897372725
0.2570198572714607
0.25701985767050856
0.2570198577857797
0.25701985799142996
0.257019858361547
0.2570198585198229
0.25701985888473894
0.257000178501575
0.25701860694869244
0.2570198590918807
0.25701985916909525
0.2570198592181586
0.2570153496059352
0.2570198593169704
0.2570195992563733
0.2570176965938597
0.2570198560201328
0.25701295264293955
0.2570146066129785
0.2570198589617281
0.2570196126243472
0.2570198576289341
0.25701888176688553
0.2570182250588871
0.25701687528018785
0.2570187901886188
0.2570198592993219
0.2570186814390414
0.2570178878320193
0.2570198589832996
0.2570164037676498
0.25693860180134187
0.25701090814829247
0.25701559320975803
0.2570191339667216
0.2570090376685119
0.25697525745147576
0.2569816092643235
0.2569784606463677
0.257019052048252
0.2570046794475688
0.25701985758708296
0.2570198556986523
0.2570049545000491
0.2570198591542218
0.25700202789015225
0.2570198588179844
0.2570175403831133
0.2569351378224499
0.2570198559052041
0.25701468962941476
0.2570109237808372
0.25701985518453846
0.25696145152074257
0.2569764285470371
0.256995220102266
0.25699024395617526
0.2570184423079026
0.2570198558912563
0.2569343496929539
0.257019858965821
0.25701983834056197
0.25701985924164067
0.25699062818211255
0.257019841854269
0.2570198430884494
0.25701984415658147
0.2569332555331657
0.25701985918387077
0.25701646626815927
0.2569910643491518
0.2569557246549409
0.25701401313687167
0.25696126076879855
0.25697050631831236
0.2570198591458881
0.25701985752494055
0.2570198591815199
0.25700332398503056
0.25701778129531755
0.2570198575178245
0.25699193919339336
0.2570188878638026
0.2570198439537018
0.2570198557998078
0.2570198466572539
0.2570198593877732
0.2569758075873807
0.25701984955626167
0.25701709304862563
0.2570036428323716
0.25700660057715563
0.25701793471303663
0.2570157241925671
0.2569928348839065
0.2569974980266173
0.2570144127986208
0.2570198438115744
0.257019847148123
0.2570198480954202
0.2570198487990584
0.2570184328436125
0.2570164427349532
0.2570188642587135
0.2570042819505768
0.25701337002062474
0.25701656092821323
0.2570180560017242
0.25698504166990666
0.2569936326674404
0.2570198591979168
0.25701985917543096
0.257009805142195
0.25697842878129484
0.25695718756099883
0.2570185342674954
0.25701907058315543
0.2570049151525683
0.2570182688098491
0.25701984866876554
0.25697898975490957
0.25701982912761445
0.25698600136104616
0.25701985923394866
0.257017693194151
0.25701985939514305
0.2570189347141585
0.25701985508254305
0.2570169035702116
0.25701985899417973
0.25701985934531846
0.25701985573222913
0.2569375354933899
0.2570198434602282
0.2570198590463374
0.2569802310405135
0.25696958224180017
0.2570198564618268
0.25696090953024425
0.2570189210249727
0.2570175911735625
0.2569420961848195
0.25701985938145694
0.25701985873922933
0.25701948517493056
0.2569879479594059
0.2569492437547052
0.2570187919835663
0.25699592820607847
0.25697111576891646
0.25701985913629305
0.25701920101382375
0.25701985934429644
0.2570196450595342
0.2570198405823824
0.2570198434979766
0.25701984436694447
0.257019846287882
0.25698844866751086
0.2570193692586114
0.2570198587353373
0.25698872155480773
0.2570198592104118
0.25701829565652745
0.2570198376768698
0.2570198576994185
0.25698359222615236
0.2570198276557309
0.2570198593113355
0.25701984980792975
0.2570192120675012
0.25701973549971846
0.2570198592731938
0.2570190956203257
0.2570198593522507
0.25701985938601823
0.25701780324340856
0.2570171512527251
0.25697550039292394
0.25701974226126345
0.25701756666924036
0.25701984859302546
0.2570184965770077
0.2570196600133565
0.25697891472150824
0.25701985690469037
0.2570198575691124
0.2570183184114899
0.25701985626699697
0.2570198582232143
0.2570198565183658
0.2570198589128697
0.2570181415215313
0.257019859033449
0.25701985780669145
0.25701985897635854
0.2570198593352384
0.2570198455296508
0.2570185614887764
0.2570190879361224
0.25701605354716456
0.25701985756814716
0.2570198594412207
0.25701985875741046
0.25701985896080126
0.25701745103933965
0.25701985690600015
0.2570198563093311
0.2570198584792658
0.25701985791447196
0.25701984804435357
0.2570198590918454
0.2570171768912473
0.25701801442412164
0.2570198535754877
0.25701985944598443
0.257019856907608
0.25701983999452804
0.2570190433348242
0.257019857916429
0.2570189989653414
0.2570198553683838
0.25701985481300454
0.2570198591031008
0.2570195247411167
0.25701985691015206
0.25701985757351326
0.2570198589620972
0.2570161630256811
0.25701932063093363
0.25701985791940496
0.25701984830772673
0.25701985691933693
0.2570198563882937
0.2570198594511134
0.2570198591247708
0.2570198455961202
0.25701985792557686
0.2570198575844609
0.25701985896489243
0.25701985055299503
0.257019859140094
0.2570194335895019
0.2570197003514677
0.25701985481497513
0.25701781121699613
0.25701905714518886
0.25701973905230036
0.25701935977249146
0.25701985331834126
0.25701894335531184
0.25701951499226233
0.25701985944886985
0.25701985552980844
0.25701985945832223
0.2570198594679029
0.25701985947542344
0.25701985830498847
0.2570198576008087
0.2570188679196007
0.25701971793092426
0.2570198587690328
0.25701963350958656
0.2570198583079474
0.25701923201448823
0.2570191978143998
0.25701985915936
0.25701977056876657
0.2570191173240421
0.25701985947494865
0.25701985943422423
0.25701985473285927
0.2570198594906329
0.2570198591816187
0.2570190321838326
0.2570195154598761
0.25701886888689046
0.2570198045729618
0.2570197648927547
0.2570198594692274
0.25701985947193584
0.2570198594898839
0.2570198594986459
0.25701985922037157
0.2570198591503558
0.25701985797779914
0.25701985926351206
0.2570198580272597
0.2570194612488541
0.25701961101133775
0.2570198565222361
0.257019749256424
0.257019859498512
0.25701985853310616
0.2570106789545859
0.25701403918157095
0.2570149846126826
0.25701577779226825
0.25701985943972544
0.2570198580533954
0.25701963335132527
0.2570198594400117
0.2570198594668641
0.25701985949424844
0.25701985929965554
0.25701985944096417
0.2570198592227472
0.2570193793715933
0.25701985944207606
0.2570194275595183
0.25701985950482353
0.2570195496682533
0.25701985950828715
0.25701965463943677
0.2570198593059965
0.25701977237655393
0.2570147602860933
0.25701744958047623
0.2570190932959567
0.25701985948506295
0.2570198595152692
0.2570196805220215
0.25701635695888914
0.2570197150529996
0.2570197596060408
0.25701981821152653
0.2570198595019927
0.2570179524061917
0.2570194230980829
0.2570198594874703
0.25701950239717375
0.2570198594968785
0.2570198595128822
0.257016710239449
0.25701953999949667
0.25701944609384525
0.25701845454365524
0.2570195783791267
0.25701982265738443
0.2570158407097206
0.2570197070005926
0.257019859505314
0.25701985951007494
0.25701985951844725
0.2570193130084039
0.25701981622611836
0.25701972084357905
0.2570196178989191
0.257018580084379
0.2570197755077552
0.25701671736733567
0.25701806759174384
0.2570198595187801
0.25701985953126283
0.2570198595222285
0.257019859526812
0.2570197184983711
0.2570198595222922
0.2570197529358567
0.2570198595283711
0.25701985952454603
0.2570197925721841
0.2570198154395429
0.25701985953301026
0.25701964620069856
0.25701985953334827
0.25701985953371914
0.2570198595312922
0.25701985953160456
0.2570177904457063
0.25701976578313546
0.2570198595090894
0.2570195281834316
0.2570197943069961
0.2570196361722082
0.2570197118709011
0.25701982069571433
0.2570198595164736
0.2570198595121782
0.2570197824028766
0.2570198595321011
0.25701985953182177
0.2570198595341033
0.25701985953108725
0.25701905704524125
0.25701977570054974
0.2570198595341861
0.2570187317745331
0.25701850124127384
0.2570197508188745
0.2570198595344287
0.2570192347638852
0.2570187918172909
0.2570190465766029
0.2570198581038962
0.2570197250568203
0.2570198578198956
0.25701985953244166
0.2570198595215885
0.25701976968299733
0.25701968915832424
0.25701985953492257
0.25701980789727846
0.25701901841686414
0.25701921741018424
0.25701985953378076
0.25701985953456075
0.25701914307545237
0.2570193085274623
0.25701983302485104
0.2570198595346364
0.2570198595342439
0.25701919632413406
0.2570198595347189
0.2570198578354518
0.25701786481824507
0.25701985953021744
0.25701985953084383
0.2570198595314964
0.2570198595319198
0.2570198595329548
0.2570198595334529
0.25701985953426987
0.2570198595343964
0.2570196668119733
0.25701985953540435
0.25701844347019426
0.25701979539673225
0.25701982530027273
0.25701982859951195
0.25701984271245976
0.25701985784880543
0.2570187998230667
0.2570198595363624
0.25701985953649237
0.2570181791375435
0.2570198595367347
0.2570198595280516
0.2570198595357231
0.2570198595320366
0.257019859534444
0.25701985860476684
0.25701985953595274
0.2570198595363969
0.25701985953669393
0.25701869950953365
0.25701982342259233
0.2570198465129504
0.2570198328629806
0.2570198377498547
0.2570198398486513
0.2570198417517423
0.2570198434673135
0.25701985953625756
0.2570198595364818
0.257019859536696
0.2570189107751935
0.25701985953574685
0.2570198595341946
0.2570198595364067
0.2570198587576997
0.2570198595364901
0.25701985953259004
0.2570198090937562
0.25701985953306605
0.25701985952909373
0.25701985953627676
0.25701985953641665
0.2570198595364943
0.2570198595335223
0.25701985861109783
0.25701982970852627
0.257019859534691
0.25701985953628337
0.25701985953642154
0.25701984514353843
0.25701985953659295
0.2570198595311393
0.2570198595315452
0.2570198595352024
0.25701985953430756
0.25701985953642664
0.2570198595365963
0.2570198578744035
0.2570198595364316
0.25701985953581097
0.2570198595347815
0.25701985953660267
0.2570198595363045
0.25701985736256083
0.25701985953678164
0.2570198590009153
0.25701985953660605
0.2570198595366548
0.2570193896609626
0.2570198595343102
0.25701985953404566
0.2570198595248853
0.25701985953674633
0.2570198595323695
0.25701916498871014
0.2570198595363227
0.257019857897252
0.25701985953652423
0.25701985807061334
0.2570198583632276
0.2570198595367188
0.25701985953666323
0.25701985953330836
0.2570198595352074
0.2570198595291995
0.25701985868596233
0.2570198595360415
0.257019859529287
0.2570198595367519
0.2570190368398687
0.2570198595353212
0.2570198590027593
0.2570198595231301
0.25701985754661827
0.2570198595343737
0.2570198595326126
0.2570198595313629
0.2570190809861289
0.2570198591648566
0.2570198595346736
0.25701985905283553
0.2570198595364559
0.2570198595366139
0.25701912772332586
0.2570198595361742
0.2570198595349641
0.25701897010815766
0.25701985953678724
0.25701985953265405
0.2570195582190631
0.25701985953544604
0.25701985838511043
0.2570198595346559
0.2570192046255737
0.2570198595355879
0.25701985814676437
0.2570194826636551
0.25701985953619366
0.2570198595367209
0.2570198595367684
0.25701985953613926
0.25701985953678724
0.25701985953646317
0.2570198595350338
0.25701985953649575
0.2570198594087433
0.25701985903484265
0.2570198577761007
0.25701985922966425
0.2570198595229563
0.2570198584494482
0.25701985953347956
0.2570195473958898
0.25701985953427015
0.2570198595355128
0.2570198595357539
0.25701985953602025
0.25701985953639217
0.2570198595365441
0.25701985953664225
0.25701985953665973
0.2570198595366917
0.2570198595367062
0.2570198587291884
0.25701985953676604
0.2570193875210703
0.25701985944123124
0.2570198587734954
0.257019429739599
0.2570198583527242
0.2570198589201774
0.25701985800403643
0.2570196738532031
0.25701953658712684
0.2570196093256712
0.257019655487528
0.257019858531695
0.25701985826338314
0.2570198590578588
0.2570198595325928
