0.11615223298753982
0.1805481195429463
0.13920599627105168
0.1504782395938098
0.09291069990629176
0.10308742729986356
0.07249942488806406
0.08636428501651158
0.14171186925707951
0.11139769941914086
0.07439461268557601
0.1719339176778526
0.10139692558590226
0.10277492364966531
0.09039047488346691
0.16282954818482037
0.10748119482753166
0.09826364657986456
0.0922557817450173
0.07220646193919675
0.07462262115543863
0.08867436395197488
0.13860065877475786
0.07526640483041189
0.07284051520925305
0.15548587878736012
0.08719189717104145
0.09909770029532657
0.09514594517965379
0.1073026133303884
0.23334822944681027
0.25225811719968233
0.07526204797134607
0.1345899544062994
0.10292155361882846
0.10631373804304371
0.10314684230660737
0.17511129264270678
0.09523315605834771
0.185428256674082
0.21189832835096506
0.16969910722626888
0.10181051934307604
0.17566008400082675
0.12092270542053431
0.11631892113716473
0.08448988352591462
0.07558993908933126
0.07387304752624894
0.13482034179926508
0.15109154226836616
0.23206649390238843
0.07497944016617125
0.06765631246330592
0.0797500844434163
0.10025311911458869
0.0642086283301343
0.06600641326935541
0.07061692390951387
0.06635295364695587
0.0622170519546349
0.0637341355955016
0.0641613850060532
0.06350422803610682
0.07333686797547147
0.08107012719613162
0.06747997709425012
0.15650713135722794
0.0889583631244921
0.0660638132793653
0.07361055624986508
0.1366844760214054
0.14105997846659016
0.06937922886706259
0.0703635568947181
0.07243567433938843
0.08013287128097582
0.08254354636573714
0.08154936059203795
0.08312862115192639
0.081385543118457
0.11217566434694232
0.08305303021931759
0.08283382147759212
0.0848753968499936
0.08035672879074583
0.11232086030425036
0.10599724268523034
0.14956076133446003
0.13849633674179446
0.1119130565268102
0.10622948273801122
0.06703463328317465
0.06434793811560378
0.08846970768249539
0.08569786484690255
0.06998529744822414
0.08461257936623517
0.06387757991380281
0.08362952915097821
0.07215073013996585
0.06293212468033405
0.06760033582482855
0.06074313344642542
0.06322087744255883
0.062299994406758284
0.06432653098386354
0.09201562665080891
0.06770108551794785
0.068611670160521
0.12165834511181525
0.06027377140414055
0.05994978044362662
0.06157861565179353
0.06145449137088505
0.06165312894837065
0.06238270515369104
0.06066840177363345
0.059700018875205416
0.0602533527059448
0.06329175635917743
0.06534352615817589
0.062679090534757
0.06294897512078568
0.06119459895684062
0.06180356848741724
0.06639241619908808
0.06277195841320327
0.0626806357859435
0.06399016784649514
0.06826832871175943
0.06273244989736913
0.06716184671998447
0.0628335155952389
0.06278051058894915
0.060469114595801586
0.07145180868862125
0.060515257697244355
0.06414771126629142
0.13815841138343937
0.060196183929225405
0.06299767209287938
0.06136015786207656
0.0791338138706442
0.06083826968350969
0.06119607730083747
0.06216911869253812
0.06213845273927489
0.06133378376312617
0.06241381966895872
0.1300068312016866
0.07069975696595844
0.06440513124353682
0.06381420879482505
0.0607027867131001
0.06170957245621318
0.06497249154068105
0.06179963187481383
0.06364620248012444
0.06467286745049855
0.06361595803634335
0.1181738547350248
0.06405127576541782
0.060106944736166346
0.06356303123783993
0.06141407746436337
0.06344943655504626
0.06020617367053744
0.09568080640493036
0.1059467891713269
0.06721087746174872
0.06136524424493919
0.0631938430038384
0.05849803430749489
0.061415884625551295
0.061364393745064874
0.11480857015847637
0.06103828108266476
0.061025608589851586
0.08347628546228802
0.05942939598320692
0.05996857999150955
0.08156108046658168
0.06663168657320652
0.06363747482206306
0.06223890959844318
0.0622822179928146
0.0601650789578568
0.06638001262745302
0.06029156620033408
0.06062673954828354
0.0621038758593178
0.06024673470189249
0.06066321224379106
0.06019210868120282
0.060826197077471264
0.06266245514095437
0.06107186278290215
0.06147115051621527
0.061050979797839
0.08887217586139665
0.06479835751261465
0.06149583436588576
0.06029945049847304
0.061072412999454505
0.062149125431906295
0.062188356125368445
0.05980901085787442
0.0599448630417244
0.06169810007599502
0.062123535642252196
0.061773843811756816
0.062456471612303596
0.06133530850984896
0.06061930089205421
0.06244873389097723
0.06541819724299677
0.06003816523048326
0.06185067045992044
0.062093537577627415
0.06138184794165877
0.06492197766346017
0.06077776971995008
0.060888922912702835
0.06117065488685163
0.061733903075431994
0.06024368234436758
0.06294872927885387
0.06005405453703109
0.06033764768811388
0.06445204463018611
0.059731082169088914
0.060258858155964115
0.05911262263609232
0.05910984366909395
0.06716031110296608
0.06183594669540765
0.05893674198639981
0.05984145079000885
0.06304817703521387
0.05980468008785666
0.060161861961574734
0.059283408606129136
0.061149080170697215
0.06059501317994808
0.06578013727221403
0.06677939260075917
0.05990616208541497
0.06612805925470674
0.17587559494920085
0.06113042246522692
0.07959480573363434
0.07555524356883916
0.06954095307465992
0.0626965300914757
0.05877186329104951
0.05890177733049883
0.059358725414825335
0.06177115250904907
0.05890450840325581
0.06206241013272722
0.06335034683438125
0.06918061565954692
0.06049510129322608
0.05882489969780562
0.06024342891786273
0.059975780728709904
0.060932635903755326
0.060100473992908625
0.08615437538780306
0.060212739327073495
0.06402585039451417
0.05887220791329769
0.06024011139590154
0.06059597387658346
0.060965950251756655
0.060497471776053365
0.06005170854457794
0.06245559131407177
0.05963821157498021
0.05995095665799326
0.05959219844747169
0.059255055753213534
0.08313371818656533
0.07224216884617185
0.06536197404155895
0.06323885929069781
0.06061335810389205
0.059427018623517
0.06517746406249371
0.07296281267521391
0.059937695177994396
0.061463163954169134
0.05985126751927742
0.059554639163106854
0.059778259621641835
0.05982626482270384
0.05960716651072523
0.06377854097521099
0.06744806995300681
0.06825818177446621
0.060431079323036214
0.05944192585182032
0.07287895940391648
0.06457293945523075
0.06623633856295245
0.05965801357575879
0.06224084286008837
0.06576105206712896
0.0614732049463665
0.06497225981298776
0.06945418991935026
0.062418669057821584
0.06143516248990203
0.06520648413592749
0.2502439787298415
0.06327648480010849
0.0610199538318058
0.06574050212982208
0.12851948236503904
0.05942390045950189
0.06355329732016268
0.06221071467862241
0.060921111332859476
0.05995630588554864
0.05946474541334244
0.05982189898895381
0.06145664357695724
0.06651159711377522
0.05995831361284188
0.060169553532418735
0.06504816255177663
0.06713965338374246
0.06328641046709975
0.06333580502027729
0.06029627187069726
0.0680397208919344
0.06371692586025643
0.0767613543126204
0.07093919509127786
0.06679984424590082
0.05873029192893514
0.06982431631583716
0.06228671506973531
0.06051664261976397
0.07963841217905492
0.06773022729165253
0.05979146439213037
0.16260664507102865
0.06182456929185126
0.05975516416148532
0.11452893568746046
0.06958708040958593
0.06163838459246148
0.07106328566511264
0.06362986236557781
0.06044635094641687
0.149027310767126
0.06050518811097221
0.06160879563762278
0.05918019709601187
0.061730770316347335
0.059316944414189554
0.06152840989665264
0.062113274548473756
0.06944858038526473
0.06557057417760817
0.06825507648179738
0.06355155021907137
0.060214644435818004
0.06388586767923515
0.06389868576170062
0.06161992032296414
0.14750258153509285
0.060879410864571805
0.06185741724192768
0.06163781354062944
0.06161742962455766
0.06377854056725489
0.060424869498391647
0.060327296077625416
0.060255690767376024
0.06325389465156882
0.06520194741327108
0.06012576177829473
0.06925406362108186
0.059099612420080085
0.06548952218539043
0.060159741989083845
0.06067591877103824
0.05883701968815794
0.059710896752756794
0.05893740074011848
0.06570126750528044
0.07204176437359325
0.06919627877536226
0.06039111959769907
0.06099465459218998
0.06181921377981033
0.12830999955093797
0.06106212731699194
0.05822351843895786
0.0664980201969179
0.05812630881187479
0.06142406965862856
0.17289207379058014
0.06404643194110425
0.06361706791931408
0.06481381108446055
0.06174661981341931
0.06373141894297259
0.06036893561704701
0.0932744155112183
0.06268917959259755
0.06201030961916661
0.06094705922001428
0.06324776192857505
0.06306874046355322
0.06450195120368986
0.061955044083909144
0.05937346409900317
0.06125498138210868
0.06048433490784977
0.06157561513853097
0.062324934385740105
0.06092317158380561
0.06695395772136395
0.06025781596827376
0.06275948449440648
0.060402950709088625
0.05982228343509856
0.06193028808579862
0.061247180553093056
0.06440727654304476
0.06133234820645668
0.06096079358248938
0.06590639482757862
0.06375466055229516
0.07055490427080793
0.060852108287688396
0.05986041950242429
0.05965894317605452
0.061377492285166715
0.06098085264991467
0.06152261598608965
0.0625085576528166
0.06347011011679707
0.06250824463147842
0.06534398389023657
0.06287712940550301
0.05983239601333879
0.06279370836219594
0.06089225267182435
0.06231234390890821
0.06758762460023506
0.06039652047818166
0.06136035132471026
0.06064005699167423
0.06424642280923049
0.06039725108617515
0.058299855001265936
0.06092447839070522
0.060654361924038766
0.062095370336124715
0.06459044061713824
0.06177192543129376
0.06357089585014546
0.06294931478568744
0.062255144995720865
0.062089913116433124
0.05848598842736791
0.059678502832989325
0.05973871566614547
0.059978727241862026
0.062176681358440164
0.06052129119619308
0.08274479125771472
0.06400560507877807
0.06227052551657756
0.06063413194476436
0.05974338401828095
0.0668963783844221
0.05899884485027544
0.06370132928456212
0.05819005491376602
0.06076559373477919
0.09788784278050965
0.06126168843522337
0.06014368254956407
0.0647971909868829
0.07125162599241082
0.06909037124047976
0.060953763005119364
0.06143407883474908
0.06371792743797072
0.061446158970731725
0.06000721674329413
0.059187624667948954
0.06025362768394792
0.06302274088084041
0.0697588233275649
0.06072624402101415
0.0604242694893295
0.06422730310067386
0.05948794930170721
0.06143398623181374
0.06219727285469218
0.06116972152551169
0.05901591244111191
0.06253576798376906
0.059335551582323905
0.06254191720212972
0.06142375253593042
0.05961779446242889
0.06248185604181962
0.06664688655227977
0.061804938974221256
0.05937394333156369
0.06359647734121862
0.05997279604239416
0.06156515122842683
0.06204515908791747
0.06492944224047312
0.060792166423210656
0.06311644587148499
0.05925693180425199
0.06265024644495046
0.06368678333252402
0.06169486267173497
0.05851321032421807
0.06134876233653466
0.05830382882681823
0.05982321530219175
0.06866293048031928
0.06400488720951422
0.0624489993299678
0.06057391982374485
0.06152059474829372
0.058309201668082004
0.058244215547115535
0.06015094802814961
0.06023797612693532
0.0612087408566037
0.06239003103525504
0.061871564807097254
0.06426196394490408
0.05904371656691572
0.06374690659820463
0.0634474114691014
0.06238897696279774
0.06397073917135469
0.059787631966609134
0.06263101237155644
0.06438903872035963
0.059926670333441914
0.0626939902013477
0.06066550639515081
0.061181154282287244
0.05881771714582376
0.058558038450844334
0.05986567543374577
0.06323184613062532
0.05930115242645209
0.07505083543260421
0.06116175557137628
0.0631109501059592
0.06523621165857073
0.06393356467281178
0.1348967849311322
0.06334497071017475
0.062493903151167436
0.06136904964423561
0.06371493498810435
0.06125819653354594
0.06237488450033259
0.058807411230334665
0.06391386560915789
0.0773026172419308
0.06255715408534179
0.06340050813628424
0.06463444486902822
0.06141810735053059
0.060305152122277744
0.062434727085190565
0.06119693817787195
0.0625566953159986
0.06345002549868155
0.05840343641400385
0.05995182750809653
0.06309832964986854
0.058779022820489434
0.05837086701059714
0.058835387915644535
0.060389743794705
0.06488076724274616
0.06322700871061535
0.060475140826601693
0.06082031887007088
0.06064917503634167
0.059990257447912726
0.06099559284078084
0.059019170351944684
0.05984399700941857
0.0595975769181226
0.059608235328041714
0.061671933697157545
0.061643060565973455
0.059867444857559175
0.061705536757455125
0.06055603616129792
0.060297781126418294
0.05946740228652011
0.05917277478132307
0.059546316679447306
0.06113514961992789
0.06165325017840384
0.061576466417942684
0.05995402734309262
0.05967474728826186
0.06335238279624206
0.06277876574522975
0.06146370314698018
0.060495451870734324
0.0599623004670504
0.06574998273761407
0.06028133401419935
0.06380730244365443
0.060383726869456464
0.06308465188206831
0.05990773791017862
0.06097143527104065
0.0647945384725065
0.05908949795509314
0.06129000380475013
0.05962143044734901
0.060223017107831824
0.05963586993646371
0.08566798997059623
0.05968590344514182
0.0611520543336193
0.0611009204975969
0.06094289127232376
0.062139544874825856
0.06124920332802143
0.06188765050571167
0.06153879198023917
0.06174252746393259
0.06004521286027128
0.05970446566316969
0.058971043540821916
0.06424531529852597
0.061731347707291266
0.0613632959576215
0.06034918661396097
0.0614183358723736
0.060798953246960996
0.0615562424595015
0.061095550088516234
0.061722600939986154
0.06026081018600943
0.06557547384203176
0.06079916848687181
0.06298123610357417
0.06643045093685943
0.060871215032461526
0.06149175745498517
0.06339403225815889
0.06481606317551059
0.05969623175432755
0.06246556831532678
0.0629172493111824
0.05903742697173841
0.06225411787689356
0.05954918137728815
0.06106047285351292
0.06144156712726539
0.0620430635084959
0.061972565702121
0.06208976944404636
0.06214424218302847
0.062478564861456885
0.0632294081281688
0.06030915843723822
0.0591895635383006
0.06069978157758414
0.06021597889018948
0.060717278268641
0.061724536402981096
0.06521498617205217
0.058776308887570676
0.06031429236403805
0.06603273042588331
0.06184302492140633
0.06328005583153355
0.06108424112240484
0.06130667149271816
0.059225074909926144
0.061682232309028605
0.061274248250538545
0.07743483120571969
0.05939430356655618
0.06081933407521204
0.06389484583233655
0.06524904252030014
0.071530393250348
0.06510509959724635
0.0639157810495741
0.0587646496486696
0.06733661726987972
0.06265800340886195
0.061872591083831724
0.060418108780848974
0.05983778124263011
0.06521167375319077
0.08766699585714036
0.06368474318794244
0.06533306540998157
0.05898514872528143
0.060015775682814514
0.060216619173001674
0.05931146023069854
0.05858307228911135
0.05930226988406414
0.063306443776422
0.060219122725597714
0.061268883530193455
0.0623398605094537
0.061697030059395974
0.062064225617153315
0.06067271670656581
0.06110691943806163
0.05931115234967608
0.05929266917569577
0.06895262250309792
0.06353541662913753
0.059750395070326846
0.059875142294800184
0.06071145481765944
0.059435046817841335
0.06286518742833386
0.061796436838131866
0.06124341070090616
0.05884758596553214
0.07110431278452267
0.06292609808969545
0.06063519286805693
0.059474843748421935
0.0716137028332095
0.06011870803511102
0.0645587151117915
0.06381544518333114
0.06864980139230113
0.1210264679665534
0.05893998505867783
0.05898670528937114
0.08965255517399204
0.06429196824354375
0.06754656462567717
0.05956647615154931
0.06335133142067924
0.058740515739179835
0.06047313133459117
0.08741895399345397
0.06620711035303423
0.061089203311056404
0.06385358596041318
0.062379586210633164
0.06746475745541705
0.09107057662653009
0.06212825976479476
0.06302880974625583
0.06359419781044497
0.0635658372694072
0.06321840272343582
0.06413381174068716
0.09735613109065222
0.0632631667227964
0.06251866277716916
0.05959322037988819
0.063618196445129
0.07694582315385783
0.06293760576527006
0.06248678919733952
0.06250780920372473
0.19450545824546195
0.06171861300169027
0.06515854739804748
0.058998370304904624
0.05979294942027193
0.0647692132303085
0.05948271661484718
0.058837610394342515
0.059115678258070674
0.06117052961230541
0.05863700220784575
0.08771724933944536
0.05852704985740107
0.06200564573501647
0.06018401233491111
0.059158651176239266
0.058441057645296106
0.0623047566829786
0.05991833760714283
0.058398063179909074
0.07401204704814913
0.06276768164143523
0.0585161206138734
0.058718311235176936
0.05803080675758369
0.059646062237947425
0.059638182707566524
0.062310586518617914
0.06285044618463503
0.05875135406484602
0.06193673235055728
0.058659385955452906
0.0585010230322213
0.06448158734570832
0.060584627571815985
0.06389316053497923
0.06085238303541334
0.058963022217505996
0.0684382728087862
0.06337981766900219
0.06544585158039545
0.0600101110709164
0.06018150125306584
0.05939790323565567
0.06268703367190268
0.06602067358697526
0.05893454191896076
0.05912561511718905
0.05821038940061727
0.06525978056050243
0.06010628378586991
0.0598154495499298
0.05999507745172187
0.05937126843718865
0.0599958382154016
0.05998397829357143
0.058499596772145966
0.06052570196702937
0.07127150558477167
0.05855622230032321
0.05890484829103278
0.05854352692079829
0.060802475810150886
0.05986758079514394
0.061948034156356226
0.059797327443752
0.059406057998849016
0.06500416103022666
0.059540685310226694
0.0599008103208797
0.09550274375199838
0.05966637168805836
0.059329054329271706
0.0622575560483897
0.06258336652624766
0.06266619683194599
0.058849643562140605
0.05951545806476333
0.06014329060277146
0.06312088055153584
0.06002666589325641
0.06284635182199706
0.06239117638996422
0.06164557858996605
0.059065144892778
0.06806328358983668
0.05906447641412787
0.05811302679429435
0.06018469040847404
0.06044837036208779
0.06366934869679156
0.06161116253538892
0.05873509016840246
0.05860900574062176
0.05786309659768891
0.05931011053393033
0.059571613039090136
0.05892375977903785
0.05834491313393582
0.058473973517033755
0.05801370981871047
0.05837445847549795
0.058824980582367056
0.07284167210314321
0.058966043159567265
0.059112279900648296
0.05795625984832706
0.0683405861728579
0.0631567897705916
0.08909346181109772
0.07648861126440443
0.05821085630464621
0.076817793322231
0.05836936632862393
0.05827417807634287
0.059925103117345405
0.05929722158551119
0.05934285684757731
0.06495169736445805
0.07148798472008375
0.058210076102731205
0.05792129104712322
0.09854753957871748
0.06087018371313822
0.059566713150230224
0.05786993874408123
0.08308923337135288
0.0618260532375933
0.058574595596562556
0.16812002190535497
0.08340155330188129
0.07082150759633002
0.060319790582505695
0.06224813451440243
0.062066404803033506
0.059716445931613724
0.05946644437334622
0.05953870342336376
0.06093779380523587
0.05872734500320156
0.0638507672991567
0.05808683340662978
0.05880565941793105
0.09005793190420928
0.06091351116441674
0.06126139494671636
0.059055645974320815
0.10323200531279586
0.059360360833479786
0.06601511750273965
0.078116011843636
0.061528165791711435
0.05884303486833605
0.06051890171701049
0.061613946553726054
0.06362148959835218
0.06617259100624295
0.06142242832202294
0.06101255417924158
0.06411426861524756
0.05938522008442028
0.05805172018833264
0.06438991609742326
0.061647074751195054
0.06231267289036752
0.058393276230492015
0.06065334858479098
0.058709262762938474
0.06491815735228693
0.061218242907489964
0.05981980521380084
0.06189807439762971
0.0577067798266187
0.05783129054310828
0.06985622670240818
0.06607474945952635
0.062132370900409496
0.06382578695940039
0.05778445708560141
0.061017201549345326
0.0629084336637327
0.06503795165277323
0.06428536485500139
0.06375433829718041
0.06116655795925567
0.06764233449528573
0.06290041292951826
0.05911512509388494
0.060915569941384536
0.05961364316489314
0.05849657413274173
0.05802998704731098
0.05939200521041387
0.06141993065222717
0.0630393543050064
0.05910683639634485
0.06273518211327525
0.05854640002697673
0.0730545026764048
0.06080883819930954
0.06133236539268886
0.059233843780553325
0.06807973519131458
0.06162203459187584
0.058238221454468164
0.05858117470871829
0.06831539942883917
0.05815050485510301
0.06676010789297496
0.060248241812068365
0.06716880954540148
0.06990955544465113
0.06028639133101552
0.05827906960120244
0.059559867105843455
0.05965376315586539
0.06271709714788833
0.06518462063385924
0.06030109856183194
0.06125684253452895
0.05862400188788879
0.05833046084550897
0.05917364648721977
0.07036977134224506
0.05839816746525124
0.12173418531080205
0.06125576827764519
0.06340793854298206
0.058505248441853515
0.05921061668070641
0.06131519015844731
0.058475171650520595
0.06043344916643168
0.06434939970352421
0.0584544975108392
0.06785411274942971
0.06078785728938333
0.06000958052577853
0.061900715797752894
0.05944489629179146
0.058517798947988
0.06113021316227345
0.058571392142792646
0.060976581624211525
0.06007428480548513
0.05855442375983753
0.0603511616644594
0.0683051813794934
0.058392581789368035
0.06035266561613114
0.06797509363726542
0.06025347415774843
0.06239082602867719
0.06020444377529908
0.059131335694673194
0.06294052108593771
0.06057566242278862
0.0598415881193516
0.06010106683149344
0.06310109334540041
0.06333181877626343
0.06398099871666427
0.06257963230145942
0.05961698731137362
0.058681006797768186
0.06665848338104868
0.06361225839178533
0.06024394125548214
0.06057002782641498
0.05868625989032564
0.06251530411579996
0.059037060006197246
0.058894682785969384
0.05892967436835961
0.06975351400972792
0.0593633997617593
0.0676476795458043
0.06382703526227207
0.06290386300501355
0.0638074412254583
0.05893429806977184
0.06494818571083304
0.05884744895721333
0.058196444592048854
0.058527026418738165
0.06093877374230827
0.05901086759870903
0.06100490299619633
0.06142074125337133
0.059064995081914234
0.0627403578423167
0.06175953755004336
0.06006484718592171
0.06215872157550887
0.05856809653515453
0.05930456365185637
0.06438210227079606
0.06464467672002198
0.059284632266844224
0.058854854188970414
0.06109139440906089
0.06570732712569122
0.06123003497102388
0.06016074036145263
0.061131486099507325
0.05969408412856266
0.06009798758252498
0.05867047325337367
0.06250879355233278
0.0606621492651301
0.05984594995973887
0.05984633812165183
0.060553129452185474
0.06051779967454302
0.07989655302890573
0.06076569304523396
0.058703597055775165
0.0804155320996959
0.06429018688347043
0.059304550110098796
0.05989563073272331
0.07853261496609354
0.05908133957211074
0.05935999184478626
0.0675878786804246
0.06138724474766845
0.062499367368646246
0.06393033784428481
0.059757494096609
0.06303494357205006
0.06322277230396228
0.0688043692815355
0.06405173554326121
0.061266114704961905
0.061126312234838706
0.05968727975772464
0.06205040568447529
0.06075398522873837
0.0615921102277592
0.05949484092890226
0.060027438434615776
0.06261271280596693
0.0605886060056666
0.08476933161691223
0.0651015048117575
0.06030505856973284
0.05950681817004681
0.05906054763531323
0.06043945266654869
0.05951086482604267
0.0650019285884379
0.06104313819063468
0.061236781935232146
0.06086284470516411
0.059711340154408744
0.06176400332839606
0.06016615565970295
0.05880929000808933
0.0592134622106189
0.0627970210816318
0.060186321565917564
0.0595135422646838
0.06637568694036555
0.06258890580559835
0.08597017181921954
0.06162339620817668
0.060649329100827855
0.058023167170588266
0.06361598889430436
0.059999104275145106
0.06124963100963906
0.0603298095201416
0.062316877337595306
0.06040880276063708
0.06767878304209814
0.05893824607806493
0.06145250019939431
0.058745007992077325
0.05834564859814557
0.06998977072870295
0.05984397246130085
0.059831046950544385
0.060669281719016345
0.06115953284304818
0.0599685482300228
0.06967219322052365
0.06083496153038819
0.06786712059225591
0.05863894491807642
0.06801355268168943
0.07070024430568507
0.059952895672883935
0.058512294454436314
0.06029877245977096
0.06045292597669172
0.05975556546227905
0.06113338576258034
0.06050864432985116
0.062429081427850835
0.05884532455889518
0.05943294002703443
0.06115832847753099
0.059920146579516984
0.05976858847492855
0.06418281996333244
0.06040124673199504
0.06232897123911729
0.059770346427003115
0.06124606873870379
0.06062340493803871
0.06584887629985667
0.06300554231960072
0.06113321006167609
0.05872781253559738
0.06526257884057526
0.05864150719486354
0.05861596895258962
0.060725656861444856
0.05984716015251738
0.06168783730242465
0.0603852633864783
0.06496042009145121
0.05958619303533081
0.059841630405396716
0.05998038604052964
0.05888686679027721
0.0632683648012599
0.06447925928167801
0.06400280771187809
0.0628600700558546
0.06176675504344981
0.060659054741008495
0.059501101268411606
0.06266546527475443
0.0606434910920713
0.06467136943182497
0.05841065801846861
0.06619313131178416
0.06492757722795268
0.06072689268002937
0.05837221782894402
0.06256227591086289
0.060308019739885456
0.06183506131650299
0.06171680429946326
0.06010471254193099
0.06110995267986443
0.06143530533101646
0.05988433717818102
0.0660061621818158
0.06051334105451808
0.0603655622038865
0.06440327190388168
0.06832791983899361
0.05935975102562692
0.06632334330695133
0.06136774152994595
0.07241178136381135
0.06234236708638049
0.062180063643444784
0.06074752944741166
0.062103222231091555
0.06353696294682974
0.06371561622779359
0.06276736721372873
0.059778978350190005
0.05976791804886482
0.05940445427770491
0.05937131665982002
0.06774837808012671
0.06045871492358309
0.06372655099837267
0.06034427863460491
0.06112830423299542
0.061528586519001435
0.059847626418773954
0.0646875497549617
0.061381401932464365
0.06031359616447418
0.06092528742716745
0.06355144608589232
0.05854546090394282
0.06545360425536519
0.05958157720097851
0.06198715144877215
0.062361840843311575
0.06553581405048896
0.06436686519991595
0.058811396627529204
0.06127968365117538
0.06767825327855784
0.06147201949239561
0.06302429061219765
0.06824982649975168
0.06490441043923646
0.06351482507841016
0.0607763171519982
0.06414137846266141
0.06318797797964046
0.06029538808302005
0.06014736179234819
0.060506469718836095
0.05855086719817776
0.061077839099069206
0.06674222495346015
0.06321908454932693
0.06183258951732792
0.07562074821633676
0.061980456838033444
0.061043006689410304
0.06363178038047336
0.06424771397366205
0.06560700917377268
0.07079677451417533
0.0606456033568812
0.06141779326036544
0.06098552268717992
0.06054144494829823
0.06034852694006109
0.06190672927746922
0.059021372019951925
0.05907963451838792
0.0610358498378164
0.06084663936263968
0.06000186848350691
0.06060381152678712
0.06292029694734128
0.0653303373281257
0.06811868671438333
0.06131814876819051
0.06627045578234246
0.06074880766719097
0.06806475790411634
0.05872299094442427
0.06699895570355974
0.061735061224238594
0.06076942066400962
0.06033383715404655
0.06200496569525514
0.07514803256202862
0.05905612284092552
0.062148831291323085
0.058713134440689256
0.06929557623528265
0.06344802344817332
0.059925966394997636
0.0625519293527793
0.058631294404053506
0.06901151532478193
0.06247625770267494
0.06651951162978706
0.058503982057298926
0.05835503352367561
0.06072607369253961
0.0607324247413322
0.0611245026841917
0.05969163102219306
0.06222581012694844
0.060633068904249236
0.05963297488840047
0.06868995806820612
0.06551511375800582
0.06192640910997664
0.062459583340190125
0.06368025036367149
0.061684653181587466
0.05899217672845277
0.06419370309273577
0.06269488571463364
0.06097916227650608
0.06002173434440557
0.062366361624925606
0.060969041768443144
0.05965166159914839
0.065545539747761
0.060496813277659475
0.05971071918211532
0.06024541620147695
0.06767875024334187
0.06569867240802357
0.06322769506948146
0.11395015315914792
0.06566385245464385
0.06574032718701585
0.06019976457493318
0.06120181352746804
0.060772469642040396
0.059270408281786285
0.059575158855421036
0.06313129430529994
0.059537604187813606
0.062415609895101115
0.05982213678669816
0.05931746305600822
0.0653949513637574
0.06044313116369921
0.06001785027144119
0.06403752129287898
0.08817101485141815
0.06435799656469095
0.05894594675199175
0.05966680418675342
0.06258607570917851
0.06302356533830114
0.05951491374573279
0.06067438520614941
0.05953312012267085
0.06333491204724065
0.06422005978022162
0.05932881742583375
0.0673731801161513
0.06846430229049
0.07030497760273086
0.06360656665122494
0.060282023378657096
0.06338871988315743
0.08565477816948108
0.05951948304993828
0.05959278846636806
0.05978946156573159
0.06409723624044067
0.06412383063653349
0.06307202638676339
0.06514954639421386
0.05924321559782137
0.06306402801089064
0.0675808612911868
0.05969350466806786
0.06270467742996363
0.05916862529415228
0.05991709195847515
0.06549896580642668
0.0662469677445636
0.062299807588682594
0.06052181142040133
0.06242243467486969
0.06098134485591158
0.06637154746045179
0.06981310776520931
0.06154960969080743
0.060920964546754316
0.06837079232079066
0.06883276514493529
0.062178908605747395
0.06062337460552592
0.05988836035169688
0.06792663185038218
0.07567268795909883
0.06805407258944005
0.06359993116302953
0.06703464822954142
0.06404164843142356
0.06252493907915276
0.06547445886579781
0.063076467863696
0.06536547821646951
0.09173122548487121
0.06621408944532503
0.059598070323123066
0.06242433777455842
0.0875102038184023
0.06734071633764187
0.061196358914053346
0.06307612503084131
0.059604617070706745
0.062301564752854394
0.06578202507926374
0.06353362883722731
0.0631703713589336
0.061535014056424676
0.05971327180944464
0.06288468817333322
0.0629267141601361
0.06142776123774839
0.06490331751204456
0.06290687686191598
0.06238987640814349
0.062098288099442234
0.061475294023008935
0.08046608519553926
0.06713780001547996
0.15709371904952202
0.06530556289952956
0.08083281653097699
0.06332152074233575
0.06377208627548914
0.0744933393060386
0.06646163615496348
0.0829065187886225
0.06394263242160092
0.06349611803692877
0.060626238562492225
0.06373714318518608
0.06131334925924358
0.05860707128404488
0.06541346626055473
0.08034994314713664
0.058560250997130164
0.06319097749219194
0.05972856040555152
0.05875213985973252
0.06320070438815446
0.05931917756553038
0.06412453007382025
0.06071045164524966
0.06051362485958111
0.059034827515246927
0.06094965476860628
0.059320506900522
0.09007563094176993
0.06207264399903898
0.07852713734833663
0.06816411402845271
0.06263029506274076
0.060471336825389535
0.06550683297799265
0.0626738532179996
0.06063792711571722
0.06569676956780585
0.07324467918043008
0.06267920371519596
0.06048018085557204
0.06106974936968154
0.06116033440832909
0.07436004374716117
0.05970926175968928
0.06126925686595862
0.061070091800868705
0.0648187850280476
0.061359143696323365
0.062268609923678456
0.061046316257779225
0.06268871185659847
0.07451819530961734
0.06357567025261104
0.06208182146580319
0.05960668876597452
0.06205863357701742
0.06152172227951179
0.060047651255213975
0.06310832532140272
0.06109527929196356
0.06054308477419662
0.05999345060456058
0.059448532202793586
0.06218115897879222
0.06307625434700694
0.06248531849289489
0.06067334610308906
0.05966321041431771
0.05958985230920316
0.06347451352666436
0.06375773707888556
0.0798421643639529
0.06420895696909142
0.05992582820008842
0.08479704737119315
0.06365914594712493
0.060743312417018115
0.06370693434268529
0.05984449146197637
0.0631697449558498
0.06021643209139029
0.06320692011439998
0.06180610868798728
0.061460165267431116
0.06857279405426726
0.06427523709886734
0.05992779079725876
0.06454085764557388
0.05973152356651361
0.06159075443638057
0.06083451625905489
0.06381052991538087
0.06219282711339965
0.06077377005254369
0.06223217431656538
0.06335516770927722
0.060135125234058374
0.06044241250418576
0.06035747294565439
0.0629983727707377
0.060468804079030936
0.059256162366183994
0.06370659585562055
0.06057093503674882
0.06468185639248364
0.061486134681432936
0.08196250271426968
0.06121482411592946
0.0634207888398356
0.07164943580969597
0.06115215648861919
0.06202950015395186
0.12919133575452596
0.06396087130030215
0.06122481972731249
0.06752646649146365
0.0630224231235785
0.06141055192804848
0.05886868394277309
0.0647708536433674
0.06417309347677062
0.0646814097480623
0.06453813888248949
0.07393162386216288
0.06201555265557492
0.06120503582084348
0.06518232930470164
0.059066422329400875
0.06151326125629918
0.06148902136692797
0.07098382270566257
0.06318142828140119
0.06139375642007294
0.16518251845951282
0.06028435739326468
0.06726675109794798
0.07104642625102098
0.0652834139048677
0.06071905358897543
0.06484121476073484
0.13194868936231186
0.06854209406579731
0.059420070075172825
0.08048505326217462
0.06144290774349831
0.061347535693843054
0.15622577083927736
0.061669380305772584
0.0613807205859406
0.06343542789138233
0.06382989745986979
0.07034672346886363
0.06462450087420185
0.06493969275372843
0.061923948403821316
0.06460733657462218
0.06834994486983052
0.06764907741404255
0.06951417002818175
0.07092632792478798
0.08481814407731599
0.06314597348155186
0.06347019985018186
0.061992449830836155
0.06280644300738512
0.061854187429806584
0.07351304637576479
0.061110551584139014
0.06151518831646165
0.0901171846011906
0.06137468361607478
0.06105988123230598
0.05979475980034723
0.060293365022970155
0.06086619171560398
0.06392943927639225
0.06033053345761271
0.06246148127439894
0.0604076890615302
0.06018558673774112
0.06236756590182152
0.06161900971328023
0.06171002016388335
0.05885240695550531
0.05905896127976275
0.06318866950100374
0.06022246156417725
0.06544420271723794
0.06244114505583845
0.06193582292275022
0.08529019881698231
0.06517628291822555
0.060212831037715075
0.06222486186561095
0.05801580017770831
0.06195121229054531
0.07096597986157263
0.05825752777892364
0.07194659227716127
0.07452635784169069
0.06054595362438888
0.06605986063469514
0.057998747761109616
0.05827821229180122
0.06262325163308051
0.0596881072605622
0.09609757315964625
0.0582224592204283
0.05957378154044019
0.06020996306979754
0.058557931197597654
0.060359093660301705
0.0635227971487433
0.06016232023981205
0.059398759238362984
0.062392237837507296
0.059288658802101775
0.05978577048390962
0.058997737504465665
0.059247271790774346
0.07667692326933011
0.05887904404791694
0.06149138024406071
0.062298760194692625
0.07404112871697914
0.06342893053813178
0.05975302990064158
0.07641237709472824
0.07460605740591328
0.05922644373830557
0.05876677996099583
0.06868873376436407
0.06253979645667859
0.05887413340804764
0.06272981328954799
0.05971549969946239
0.06372127635861417
0.06129408145355205
0.06187920043774934
0.062132771635206974
0.06727391652946117
0.05999845363132261
0.061333918913127235
0.0620129004606966
0.06136420307828723
0.060756762969706675
0.05917489004576515
0.07086710532821644
0.06998000035754234
0.061624371746470806
0.07388307228120286
0.06239584234184589
0.05995821813255519
0.061675452144179965
0.06040119040039642
0.05918773157337872
0.060936815100715254
0.0615239881215333
0.06115015019593016
0.06157909423593982
0.061026459874048214
0.07704336825288179
0.06901333730100759
0.08562864382517836
0.05955255503375844
0.06026664169526078
0.0613653174035704
0.06211595250221214
0.062401606628530025
0.06588324866816846
0.06409250917719973
0.06103706740556981
0.061021866435454736
0.06320891190567662
0.06168645886781889
0.05983759005539006
0.06029308368360459
0.05992186161395321
0.06183729319278398
0.059415057921685596
0.059829707117097036
0.07977834719630184
0.05911560603262889
0.0587635267581825
0.060705021808034755
0.06063843442300752
0.05853720449918654
0.05816330099032896
0.07245074992684442
0.06164057598488793
0.061322743980339926
0.059385920131308306
0.059688601685900435
0.11628409435604117
0.05812669161493159
0.0587959318116844
0.06870201530417767
0.05965626600752288
0.05839931233762859
0.06576813005785198
0.05879834886708669
0.06616847342851057
0.06255047791549706
0.059260707033538154
0.06449868715754502
0.06606089380553087
0.12564484208156468
0.06440283094890648
0.062316873192022476
0.06126845434870592
0.05998524958491823
0.06523584078374814
0.05898199840921261
0.059798488419434026
0.06150009722732455
0.05910732615846207
0.060913494111493854
0.06267436411523347
0.062172920735011725
0.0611599406432793
0.059367097476126895
0.06097634922660538
0.06152635291368656
0.061217566942022704
0.05903345587995172
0.06265809278980158
0.060272603246385975
0.06338942259534669
0.06116036237297486
0.06047567271465439
0.062217010277017364
0.0611323613907326
0.059429758820079
0.061170256584129994
0.06791103946356887
0.05922723991396278
0.05825659279052409
0.061158825947744966
0.0635245147069204
0.061834555100037956
0.06164703973048223
0.06144241676144471
0.06115300656018806
0.07021433545393123
0.06952910049255527
0.06483309867046169
0.05879614612338732
0.05988778467846034
0.05979277538777191
0.05903320244335982
0.06107165215579449
0.060200896553312275
0.060876723435100394
0.06196740715912926
0.06051632027570635
0.06251157548294878
0.06633938082932926
0.06558127353140185
0.06178370954129444
0.05999482897020894
0.06062969485470516
0.060505468039621556
0.06073817299312207
0.05942777642952212
0.06306880692960415
0.06342014764965544
0.06004176419494899
0.0606480689239662
0.061147874991463895
0.05959164970522323
0.07462812704831641
0.0636104743771927
0.05964237621118931
0.0595427630738538
0.06123507353592086
0.060269801114695765
0.06018582328728086
0.061095674472213736
0.06218169416797405
0.06021371445003588
0.07413705498495662
0.06097134054813415
0.06230324039808279
0.06331857801467111
0.06348428434638168
0.06559024431722371
0.061165981429537185
0.07697984616789774
0.061167347656589884
0.09068543785740334
0.08451772617360155
0.059932925158735044
0.05947780114709017
0.05889000090864639
0.05956932000061625
0.06055138525915054
0.06108112090393467
0.05933679889174139
0.06138155778889236
0.059972799923035024
0.0610970167541296
0.060898987355919754
0.05991664981549082
0.08394406176397962
0.05920711084713592
0.05961441776084518
0.05990058583425214
0.06189872345236497
0.06234269356816044
0.06174787901167403
0.05919994684785545
0.06038467571835192
0.060339243942947235
0.05987355898510815
0.0626665476544245
0.06270445330550176
0.06265841126267833
0.062049586829904586
0.05891617734328794
0.059216461751843016
0.0673755651505369
0.06267903220320603
0.058960339982689354
0.061070975534153346
0.06019282312603528
0.06187462804784319
0.062319500362107004
0.06466637823920522
0.0609126788658663
0.06136565732941779
0.05843924855709118
0.058707902382496284
0.06361843721093348
0.058372683615864306
0.06478845607841369
0.05859301610976898
0.05927230260002491
0.06182213624524137
0.05904776257356326
0.06324638855603432
0.05869832461412628
0.05865352561341792
0.062316253413228814
0.05904259457334503
0.06971710088313618
0.06808008889245713
0.061542060001967665
0.06115555204311109
0.06214283775851226
0.0729107279519475
0.05888588200209749
0.06413453715725859
0.06122582504052026
0.07163613423706078
0.05898272430005105
0.06168120019279863
0.24890123788670684
0.06505349132177675
0.07193807611758887
0.06251926865231838
0.06237209377283562
0.06592221918964583
0.06589663797323708
0.058728108506945084
0.059292575200962754
0.05977791595594566
0.06366984868584286
0.05971038693309693
0.06681639485752211
0.059828582203667637
0.09447370505762598
0.05940376021761372
0.06393775332284962
0.06441982404957618
0.06525948669701576
0.059226464787110564
0.06798781564213913
0.06160156890102904
0.06117220590882164
0.060666620944932866
0.061348280406919135
0.062342514389845574
0.05970665330101713
0.08521083224010617
0.06670984444131302
0.061953484510227884
0.0589502224773401
0.06072068337034679
0.06592154999103393
0.0630522524554497
0.06385700369739375
0.06055422895581258
0.06092493631400031
0.059149842989451404
0.06105723892695601
0.06131837702247041
0.061556430717465964
0.06401276948921679
0.06012436845873915
0.08213747231373786
0.06147639890338894
0.06148651237881068
0.06014683279403204
0.061614338894771636
0.06090243095040349
0.06079405063290922
0.06140263054315676
0.07867485323314496
0.059708660538019605
0.062316031470468006
0.06362252099701508
0.060832026380904715
0.06209122691408508
0.06426272806073847
0.06005558290374345
0.06041272973599447
0.06951400386189958
0.06574476375625318
0.059357109531697254
0.05873907898881394
0.058451387019457235
0.06476453038659585
0.059911055188125506
0.07321444772596994
0.06298599526560575
0.060522510260737086
0.058428339118007884
0.06268991953633007
0.06006804208589454
0.0803332572400544
0.06326836590495309
0.06359808350006446
0.09497918858311039
0.06086181327428012
0.05990938252348794
0.08451577804645242
0.06161815552931842
0.060812368289297154
0.06004883517278823
0.06009738085823976
0.06200681985524521
0.06134460939283104
0.058898034472626516
0.05993328570662461
0.061266438199550965
0.06018819760167262
0.05998056057873032
0.05994125700649268
0.06198853681230292
0.061594672466146735
0.0666875260959776
0.06219143185316372
0.0604811572643952
0.05990964604214662
0.08597691300033294
0.06341909938037739
0.08273185647377572
0.0643165225244764
0.07233356776054953
0.061347700028913085
0.06481673049238806
0.061503006147092844
0.06373145093092983
0.0652783042521275
0.06725214402252284
0.06861974287492635
0.06096871953989819
0.06049002855279206
0.0668422255306383
0.06868707412073226
0.06105282373653843
0.06577580682276729
0.05992180115105835
0.07218159486332226
0.062232462909208704
0.062305504059774725
0.07021536603857906
0.060500436970054174
0.06117031471347287
0.06691187629568154
0.06039679334210428
0.06043363476671149
0.060273088328485595
0.06590754425061038
0.060982164134638396
0.06031177462362899
0.06002209424024079
0.06033717400855885
0.06030761266685608
0.06019525336438659
0.06012898229282215
0.058835455609826136
0.06260399011112684
0.05912917569438139
0.0673965809397042
0.0613077998073776
0.058380948426984304
0.06187485785862547
0.06591088337227041
0.05838075857880165
0.06592769048348972
0.059556306923037684
0.060555236286887894
0.07100955701641454
0.06189287468595802
0.06144443417923716
0.0651781021604212
0.05953527263700382
0.06017254464767371
0.07057915016327364
0.06603593159002047
0.06030155092213653
0.06632838341147156
0.060467887755376856
0.06295220623167253
0.05955760978143303
0.059720032353451524
0.06579708914579266
0.06245619076901816
0.06487859064906865
0.07880834622920788
0.08166226264379847
0.05847192874715306
0.06028314170095417
0.05805667109783689
0.05851002120814238
0.066540019793875
0.06040064962520203
0.05987787638940252
0.062615688280575
0.06609936198168145
0.06677760510567894
0.06076893750556628
0.060791635433341984
0.060559325921136
0.061069768598121424
0.060668218590528594
0.05968715358814337
0.06615763441223112
0.061261022213093944
0.06062370671634727
0.06061105984125173
0.05798892726681763
0.058169295890349436
0.06627191664003106
0.060018494441322505
0.09664818994211241
0.05972144113852635
0.0609737092043549
0.07090557746642927
0.0600765555662151
0.059157308373249964
0.06084444040728812
0.05858845450940879
0.062172149238956025
0.05918940002048553
0.06116447420004044
0.06005125337943151
0.05805852132659666
0.058324987833187625
0.06111816415249636
0.0588270975692231
0.060304656632598284
0.06116870619448821
0.06581716702661075
0.05815541904033345
0.0651264757071879
0.060698630256111476
0.06135595525365449
0.05833119563864364
0.057998671947781584
0.06260774434870513
0.058755964086371786
0.06126954387646438
0.0615182214723371
0.05808098451203272
0.06042591330490585
0.06483881794866742
0.058306891824697483
0.05790205956028952
0.059070854077905376
0.06118723593184217
0.06026010354616626
0.05819989930221959
0.06065665551834449
0.0653595058003791
0.05787151266130481
0.0599932733951395
0.06592967200126042
0.06082301008284378
0.060198613125966326
0.05923903982222374
0.060802419137083466
0.1127636473299708
0.061794430773506916
0.05970795226023086
0.05950272631808059
0.05989953800016561
0.05787040828872886
0.05955558881433779
0.07080644591664312
0.06006403865342327
0.06099833273209278
0.05950845521543915
0.061988890388765885
0.059679786864389746
0.05992256112543473
0.059030905817307515
0.05929970291053567
0.06281740083829192
0.058281273073125896
0.058040336274534254
0.06451891508926093
0.06480056983673047
0.05793482387874019
0.06035543577496531
0.06067943098703308
0.058834568894835036
0.06120629994199293
0.0582227049030997
0.05906790878407803
0.058636061700505206
0.05901388524322217
0.05987741873001063
0.06019140994641034
0.1161867078165581
0.059918832435197245
0.06230812776160247
0.058803084047097824
0.06008005704238014
0.058287829640137595
0.061493563841407535
0.0639455382214725
0.05853824798305641
0.061550425073246984
0.06575490603668663
0.05985325630385928
0.0586966299438073
0.06143137047275939
0.059391437987585054
0.05991787608841032
0.06881520615285028
0.06046719793166787
0.06727706071169928
0.08993999211648111
0.059909886501298644
0.06911329242295719
0.06057340518878089
0.0600586905354675
0.058462047535363805
0.05850218964230646
0.059765209147202014
0.05944027837338245
0.06088354276043057
0.06249320861337792
0.06266320629606205
0.06058350382226053
0.05986898081921334
0.06255522706676761
0.05842895992076752
0.06072229134590557
0.05990259851601115
0.05906963064143931
0.059889964264261665
0.058885041926135244
0.06129147341038268
0.05871603445018931
0.06080470948503863
0.064071525399808
0.06093620455290786
0.06116097429728231
0.06067664385780082
0.06493852949633946
0.062355716670890654
0.06599468431554717
0.06147820422821835
0.0816208828627017
0.06138980558763689
0.06116171063314146
0.06059340924172165
0.08072231614432747
0.060526462939527015
0.07367061238602635
0.0635447742385271
0.06793882831410393
0.07306196567264128
0.06271843166665117
0.06341049285525145
0.06713687013313313
0.061442080926759395
0.07494132987868356
0.059421233278138745
0.06045887347320823
0.05987669695755507
0.060418258485116505
0.05892232047410672
0.07017531786134745
0.06436969260330833
0.060244064367034084
0.06295503978837876
0.06676738218846973
0.06071036073434239
0.05961906041629572
0.06290606107473219
0.062045261181638486
0.07506036648868948
0.058445957950508026
0.06166968430543634
0.06030978672983868
0.060468031752883386
0.06713332502095061
0.059975824339779396
0.05900460239182609
0.059420782146035384
0.06153482315452992
0.05912929710325494
0.0644795925105756
0.06346870110330415
0.05952252743362743
0.058849987786019825
0.060899340954474065
0.05915920011276899
0.06150900271250392
0.05897607972751594
0.058478592694712006
0.06079024788336383
0.06227609491644039
0.06438666998933039
0.059765031606665096
0.06736313653605426
0.0637674957401539
0.05987925171211447
0.059164634844647464
0.05831100733831056
0.059942273108355294
0.05908649115830071
0.05912867743744697
0.061545093846729564
0.05949313413280573
0.0631036098309136
0.06000528636523169
0.059294789662200836
0.05872485767112829
0.05948190498030976
0.06231932937343941
0.06485853687903818
0.06024681581042088
0.06924447781089176
0.06219031840899815
0.06651959375027974
0.05954631092763615
0.05826889448929966
0.058205775879100044
0.06014091608771809
0.06137496508247826
0.06156819820751619
0.05948691846043981
0.06033960042872587
0.059850067247162714
0.06282432953466972
0.05863847682901912
0.08668227186118548
0.0634194808855687
0.06129814316964386
0.05790110808967773
0.06007098621235222
0.06000402323256417
0.05877672735115448
0.059691335716523235
0.06028198205015878
0.05916391026061433
0.05984485223473818
0.06135866752770432
0.05967748564449453
0.06133209900398091
0.06046390280495907
0.06548542667728988
0.06246077993982318
0.05953214827612419
0.061044522607037764
0.058432156448804895
0.06389476067419846
0.05970612778271901
0.0630406153813821
0.05872934356969224
0.05927781263058667
0.06566302139147971
0.0623564514387356
0.05840160290533404
0.05910290684596716
0.0592462346405869
0.05920628699812318
0.05870257438920003
0.05866416478758073
0.0583708329671113
0.058077084583774696
0.0597530539550147
0.06028466275277425
0.05916648847845262
0.05869314090126456
0.05887818942228167
0.058546975370500874
0.06254009526481707
0.06167640058878164
0.06185629137609648
0.06166740772174518
0.05970856635032251
0.06034494208164705
0.058866978518883305
0.05992287498351253
0.06408309618056753
0.058422309986833856
0.06163222366966472
0.062446198896837446
0.05845082112257166
0.06325430131217775
0.0586731961776307
0.06611442454803887
0.05945672440743051
0.06500123627794123
0.058373912397381364
0.06008990665853198
0.06033156961861797
0.05832245296335431
0.058557907256273745
0.05985892783733
0.06531793479917251
0.06117355513453121
0.06358771530021273
0.06062024223689813
0.059633714371582054
0.059014891308075405
0.05885183221998783
0.05847055815430093
0.06068845530893118
0.0592437820994906
0.060720970637793935
0.06596614343861738
0.05913871476373039
0.05869577913173163
0.0649969169350058
0.06277321734110654
0.05901105225104328
0.06115406808146478
0.06047290349979594
0.05970380194291464
0.06283116522144594
0.06196609923772597
0.0601916463101066
0.06630206614516126
0.06292354726020587
0.05982879475336587
0.05825122292698366
0.05886660228403392
0.05926898143289398
0.06423099440478013
0.058160120606359625
0.058149621256676276
0.05822174550751916
0.05927977538594778
0.06264947786205843
0.061552068691790585
0.059918098661347126
0.058993865779756606
0.0604583190437543
0.06095043080126761
0.0593933762312108
0.05968520417307583
0.058659209305864546
0.06015376650699104
0.05875121330258222
0.0606386931282645
0.05971993059904227
0.0592583053895758
0.058119151344027516
0.06553845466872087
0.058682185008348195
0.060053931441210816
0.061172279958668786
0.05835432791358377
0.05826878607038247
0.058885705094724974
0.06042753417919897
0.06059511841930409
0.06109576209753114
0.06024392465422221
0.05968895377042682
0.0654872777909909
0.05965418680433103
0.05866249732627041
0.058273922890101484
0.06058045542111925
0.06097382324266631
0.06349316705496284
0.059157697006390314
0.05929768141609509
0.06136746378224586
0.0601053680534965
0.0597331870414615
0.05846805074641504
0.0611678735853062
0.0592273741180538
0.0592393406472564
0.058482379849804485
0.05814165777787166
0.05926808362721972
0.059513277595348364
0.059169809086907034
0.05856909972511305
0.0630084298303627
0.0592211162736273
0.06064375562238592
0.06346304694458299
0.059912206056977745
0.05935671311434541
0.0622607791608006
0.05865689972892016
0.05803579641464344
0.059341578849931124
0.06051870954348537
0.05805414324423533
0.06073530324733845
0.06307904251782158
0.0589897774380864
0.05932396592041838
0.05945440199519409
0.05894312485253346
0.059622877104028034
0.06747276956862798
0.060346120314897965
0.05821118894290918
0.058969257978473674
0.05975555195833118
0.05964700434220169
0.05834160000245453
0.06024950963839229
0.05783746647078004
0.060671281185477495
0.0641827262053452
0.06022534209837102
0.060779626730406947
0.060411281836960075
0.06219240110241937
0.058943631535399145
0.0624852531481023
0.060125532844827426
0.05958927809933286
0.060800684944879245
0.06316575674936327
0.060184142777559624
0.0613579752793761
0.06150838077130376
0.05783784957155269
0.06041729589539097
0.058109417080178194
0.060107931204516324
0.05878079672661123
0.05857264379253492
0.058523380804795085
0.05790537167398845
0.058034914922355144
0.05866104065417678
0.0631739275427595
0.05868358131676682
0.058966474802096616
0.059148523730866306
0.05985909269236099
0.05973229640051795
0.059636980948635
0.059293240564351396
0.05804581302701346
0.05811267972249991
0.059018867482250784
0.06073742565748313
0.058294296365836176
0.05823326692913645
0.05910625270316295
0.0586556855157635
0.05834007329634391
0.060260688405528666
0.06044927583307374
0.06345114149398334
0.060420427835079824
0.05837385652367347
0.06112318225396656
0.06180366338593426
0.060173784103727444
0.058796483491591646
0.06004837188377294
0.06907961579015108
0.06481651460256757
0.05925183690203555
0.06041544275980888
0.06231493659962116
0.06070822142899945
0.061387953118439954
0.06653941582670882
0.06692032151209576
0.061061236547025124
0.059127451052051354
0.05801961501433775
0.05789171998625086
0.06125721737747842
0.05881960225833683
0.05934691932308768
0.059012322219174136
0.05997815831401104
0.06103373452611836
0.05920668105576413
0.2264960705198781
0.06447513778535624
0.058562373267208076
0.060454365470942635
0.05940825463284851
0.059165922959418894
0.05919311260046459
0.060053902872983095
0.05886618727542765
0.06920870631363994
0.05906273499120894
0.05909004754735124
0.05885972864736692
0.060313381093394576
0.059463549468555296
0.059253160183534465
0.058575238902542
0.058169166809663636
0.05794953559605115
0.20315876749414474
0.059608167268960004
0.05858231256718749
0.05848359800915669
0.060927413688559896
0.05950581993236977
0.05808728549879621
0.05987167351659003
0.05987329767596578
0.05796171712043575
0.06299913114777725
0.05861259734427869
0.05800408211017859
0.058027188048534746
0.059066878492384844
0.058532459165977074
0.05797177743536128
0.06521672035072461
0.05883270040741032
0.058914561710988744
0.06032348362409527
0.05922550484155194
0.058864769337114695
0.057969742369968214
0.059849795096062496
0.060069758650858535
0.05831059869126544
0.05960465277268729
0.058436564938360344
0.05805959748958162
0.05800377546132465
0.07021970484812083
0.05826302324521798
0.058026957479319956
0.06353055743912175
0.05791059988177735
0.059022023688457464
0.05755030957449885
0.05943468974607589
0.06525957470470072
0.05806554394006347
0.058803206907383596
0.057736388799307425
0.06363548414789823
0.057978787285010325
0.05765163397192825
0.0657413729439699
0.05838845759958528
0.05773363088515313
0.0968658411693974
0.05823063868810463
0.058087497807359646
0.05808173530526504
0.058242332164610645
0.0645719889756495
0.05803466815598867
0.06357500223923088
0.058763547427072585
0.05775686791781605
0.05777969074961792
0.0585474603309641
0.059886865187395215
0.05987977402436727
0.06086786719138276
0.06221076120454883
0.05774528815949562
0.05924303008284726
0.058501881855009444
0.057888780561449436
0.05756268567586273
0.05922879870122381
0.059611005427321936
0.05962140053001683
0.06051437690202141
0.06034600730075452
0.06812890817774617
0.05984298720818516
0.05775268425051236
0.05929715495955545
0.06872999675503745
0.05908680834709977
0.05827902616732147
0.06026723683712927
0.058222471195035666
0.05831754124836036
0.06499264688153208
0.05837580724305612
0.05829036966701109
0.05871835385532192
0.058068643118632954
0.060017104246740116
0.059779238821073485
0.05812759136505337
0.05824809868967313
0.06252423897454332
0.060194944328289736
0.06303317898700384
0.058576227279988353
0.05850796204666328
0.060082163131118346
0.05852068551743856
0.06966434701540272
0.061327897086368495
0.057832689445951366
0.061068309890396064
0.06342080138494405
0.06382711350138105
0.05877830168915647
0.06056231334592254
0.058432846371889564
0.060512891292597334
0.05837495045751466
0.05811550048942829
0.05800237320480457
0.05826898685408229
0.05757552137570917
0.05821180164820242
0.05875851998115851
0.05875036143588173
0.05871318741198518
0.05787649429067219
0.05816281566879586
0.058861003905053735
0.05884761898480765
0.06517286015198458
0.05770872868596097
0.06250725870351159
0.05892881857295377
0.057917223868675004
0.06783650241865691
0.05818965797468471
0.05773882732042717
0.05872080186047259
0.05886637923784499
0.058867562782806866
0.058209770580479034
0.05819314704962207
0.05883238712513328
0.059438287585885465
0.0608348453932004
0.0580420262210656
0.06075773783536812
0.05832627474389949
0.05769931369090534
0.05875747564032156
0.058349012335757615
0.0649397282139596
0.057692939140640345
0.06288923259012792
0.058162728750271946
0.05808057497765777
0.05807592873612932
0.05811012114787253
0.05933042568070375
0.05906555700544633
0.05844631066404316
0.058339350893447474
0.05858504817526598
0.0680080022829767
0.06784579337683645
0.058364384518406975
0.0679582179712417
0.057973643407010604
0.058945309272685695
0.058526215092717764
0.057790166166810916
0.05854883498134756
0.058222951930435314
0.058920366584870376
0.0585314487121627
0.15536462537451956
0.05810815229965328
0.060000538414902715
0.05825965967716484
0.05898545480117689
0.06405219402347916
0.05758296598753162
0.05774066662868485
0.057651698773868706
0.062418140589444907
0.05890476325793242
0.05848154926963046
0.05929556311816478
0.0617008361741341
0.05889608453510162
0.057786014761437354
0.05804442759738512
0.058554136572565446
0.05891794709139861
0.0626384180362838
0.06263056961642241
0.0592530214950401
0.0597274750290895
0.05816482600242463
0.0657868011537383
0.0738664259285134
0.05899332875513645
0.0577177611352736
0.05898216975774175
0.05773618007698819
0.05771748915779817
0.05954062596884435
0.06317763861265482
0.058440108243833125
0.05879446682545681
0.058922346315115746
0.05793602422943596
0.05999332033352705
0.05831171228499775
0.058461546381843414
0.0598890440485992
0.059808799163943785
0.05929658192104415
0.07066229726157515
0.05824373320104314
0.06513513963766457
0.058944414395033146
0.058018913566097015
0.059249897056915905
0.06500417342340234
0.06595813263323504
0.05872003033168964
0.06259865634773687
0.05958977991260945
0.06007886026511907
0.06016351360866126
0.0594113626036032
0.058796339674114496
0.059003944586180385
0.06044416282235445
0.061742530172983916
0.06175508901644348
0.06145652435573259
0.06256079910932172
0.06461691416516732
0.0657437481194695
0.06722517917582638
0.06450541506507121
0.061976302064367925
0.0592672890079223
0.0718996971281327
0.060724801462628486
0.06322261519168307
0.0650142807285543
0.05971069641150858
0.05881363074412807
0.060439848312075724
0.0603446379310017
0.06259978457766335
0.0635828312516093
0.06556953829776369
0.058737287108609974
0.06122730052704893
0.06879497607024718
0.05909012575958268
0.06018603651035951
0.05861258503915385
0.061603109083055024
0.05841235051987564
0.05883257636092465
0.06114879435249853
0.06445930920096929
0.05911250192472549
0.05948250768602957
0.060883315792402026
0.06065391873049723
0.06063430255375311
0.06075913356312442
0.06505030128199657
0.06155297961458451
0.06102294144871604
0.06285840387730945
0.06025520165620415
0.06005169479394031
0.06024664454169559
0.08350023843764824
0.060632184984137937
0.05931376639968763
0.06359220872634319
0.0585663241715389
0.06068497588627448
0.058648528345472004
0.05848530201814944
0.059599828311491604
0.06205390701125018
0.0597424083341106
0.05825167668821342
0.062742642424082
0.05938033771504042
0.07266402591800433
0.0641707482976988
0.060371689488098915
0.058634851637561596
0.06392534001742822
0.05801425904158799
0.05786659176759363
0.05872261676797109
0.05990076592362099
0.06105289386529841
0.06158505603034381
0.057740873075530136
0.059717632401491645
0.05804705507536284
0.058457638039991884
0.06236560996926569
0.06319537965347098
0.0662565651180546
0.05835622939184279
0.058018204668397515
0.0609222040406266
0.058256483072960746
0.05856509353629765
0.06009029515575647
0.06434776474478464
0.0614308429626293
0.06235811855001505
0.05902350092507905
0.0581802834627945
0.06522748054696853
0.060085769180833
0.05860254268999221
0.06009247312363457
0.05972172359122046
0.05874812511001149
0.06054078333540239
0.0580948141704187
0.062438315013804
0.0624586767435669
0.06898577377597206
0.05773063596766403
0.058136627714086016
0.058138813593400694
0.057856219584808494
0.05922624780904431
0.0599770149456797
0.06013038619093653
0.05925704051354255
0.0656590102041318
0.059291368090262295
0.06111113293814838
0.0587031181165411
0.05923647759346636
0.06560665156819699
0.05960243207608405
0.05787209957907042
0.05963155958276094
0.05886021436613475
0.0659151048869586
0.05941404389509329
0.06805898007529675
0.06810815931304433
0.07083594159646864
0.059481311880071316
0.05984744830327438
0.05893308457483793
0.05905723131666492
0.06513179761857929
0.05942710248027853
0.059757557446134424
0.0574061402662851
0.062342033464631144
0.06436140087079774
0.05893486617803329
0.06729724188567322
0.0583357817154498
0.058997939419442445
0.06258375286769968
0.05948833398844262
0.05830998535244919
0.061954277167653275
0.05809227180058565
0.06233870845184382
0.059815794230560965
0.059928184084295295
0.0597411083308137
0.06031638041000605
0.05819428066932928
0.059207543241764596
0.061202278479151696
0.05785261712307424
0.060523179833370425
0.060889841381647526
0.058960938043910574
0.061672418660157574
0.05974027412957024
0.06329624005420145
0.05828465373620727
0.058419238369567965
0.06072322286202901
0.05940583787865521
0.05794114684986805
0.05996088601728686
0.05922321134922282
0.06009632120022788
0.06146097645152093
0.06073539455347318
0.05907381207207273
0.07883859516771471
0.0591901855574671
0.06174339519454819
0.06016173251934568
0.06251602145593119
0.0580889197772098
0.06194861916155821
0.0643677139038359
0.058131388059409095
0.05774935028314912
0.05917422512899081
0.05909465225078965
0.06522018670778425
0.05899546155810963
0.06051525290519933
0.06159884674856372
0.05944376127562675
0.05903236155329115
0.05873426324567896
0.06177445349313733
0.058852423610796525
0.05966127928091617
0.05945475136451242
0.05912638012661954
0.06653193085281828
0.060590952316960385
0.06028880889026275
0.059642936294577
0.058804217663131694
0.058856580671346165
0.06696506987335724
0.0663450621651906
0.05983847692651909
0.05871162520432802
0.059767145833457824
0.060977477818218564
0.06023307157688829
0.0581595888238707
0.058281568980508014
0.06112587009766531
0.060894126720790476
0.05811170008494862
0.058570494530843974
0.06735535996521225
0.06060795808839797
0.059247243752177665
0.059913308827390106
0.05948766519929188
0.060274859809898385
0.05901461513464375
0.05850477541328521
0.05876199754759559
0.059464160861245216
0.061242350972551
0.05912751053416073
0.06337906689094729
0.05801832327505646
0.05969672702961933
0.05997138764496509
0.060214185158699765
0.05984925764860007
0.05896570836175482
0.060615110508882665
0.06112027545653456
0.060898759262194735
0.05851678441616498
0.05836553598320084
0.058413362527631275
0.05891894929144239
0.05872082581555643
0.0610193896842487
0.058844917646904436
0.06422116650281848
0.060360251314413964
0.058288106828393506
0.05824485749744285
0.06060523092710708
0.07177350037851156
0.058359339922073046
0.05837594728500715
0.05848777509693244
0.06141464465053115
0.05977755189970746
0.0581866041834364
0.05964894028007811
0.05910609433186372
0.05864265788274133
0.059069354629935567
0.05891596552281311
0.05894443440567556
0.058323398906735185
0.059372262952672235
0.06328074871973799
0.059652644546429955
0.05915008353937481
0.06025585946050198
0.06558382483089258
0.059853781169715285
0.05927222263654046
0.05891346652717154
0.05919874488075473
0.05884983289670699
0.062347239793232936
0.058664987138724096
0.06533416208496108
0.060670426865261314
0.10849472283723963
0.05959052714682717
0.05947875418474582
0.06250330679509308
0.059189253134547065
0.05892173264565204
0.05900876272181202
0.06574092076745916
0.05838775736354609
0.06830050566431475
0.0581591688210636
0.05884996458139208
0.05956569221938452
0.06011684213307944
0.059154177761204935
0.058547371146246655
0.06011015429965291
0.05969033070052907
0.05852178646922308
0.06020405061296638
0.05963502338875749
0.05868112230551064
0.05938632295149994
0.05918443357129049
0.06010118319226468
0.06581349182463918
0.06049569531329403
0.058540175693373005
0.05859374955697414
0.05866424447436727
0.06033258346636823
0.05922746165773864
0.05864401013445172
0.06011885444599699
0.05860345972046737
0.05812975993670755
0.058083749865212614
0.05863863357732159
0.06103911430471657
0.059089642211266655
0.0594300932403958
0.05826027444403582
0.058175662167446136
0.058876120245292256
0.062229681324916894
0.06357638531085973
0.05887168662286772
0.05951731250820111
0.06427812278792554
0.0620422625598147
0.0594202805303755
0.06125552241549958
0.05874733697195823
0.06197336104838693
0.09957642492126956
0.06636546344346875
0.05933943747283825
0.06175027943398052
0.058805045933359223
0.05904876631769416
0.05814699406163222
0.05921601356753115
0.060046165010118356
0.05825584484624562
0.06022891055413027
0.06228999101268488
0.06277670989805999
0.05956983168350477
0.05883238684146623
0.057961323776980024
0.05846440846551238
0.06036650834594708
0.06006928711586321
0.05951721922524043
0.062242473201841675
0.05986684613464127
0.061411875095358726
0.05893902833914112
0.059132858405790925
0.09495735367968638
0.06266595448639477
0.060202946854957404
0.05884895344953967
0.0669041031893244
0.05872953603137556
0.058441929913544355
0.06073855061993902
0.058991849666987756
0.061370711442088964
0.060297518545688725
0.05926714040658132
0.059521671219578985
0.05903927262816467
0.05913477727976186
0.06478300249860951
0.059243840073224516
0.05879930599159345
0.058503557652003525
0.05839021791125225
0.06043555541388302
0.058738412980942914
0.0595150782489612
0.05937080024745476
0.059600568157403395
0.06157372487850829
0.058862574774215186
0.059521673583175366
0.07479918121905668
0.06640224606475734
0.05926473079409806
0.06100301113657954
0.05953538537989908
0.0627812197218067
0.06035398873088037
0.058805930770974124
0.059973010828175216
0.05840569123182446
0.060743461231417044
0.058803703419563466
0.06174498806460648
0.06420354239825786
0.05905515087565611
0.0792132999227722
0.0639657504422713
0.061584504996184924
0.06263813326912732
0.061146086290281274
0.06558894261603244
0.059787582619061995
0.058611314483264725
0.0585557798658537
0.06072367500183867
0.06347587835772538
0.06027036147263233
0.06284191845375232
0.05934064898189995
0.0602139729729321
0.0600329658184546
0.05857574678309353
0.06002903918121527
0.06443944379853103
0.059414261181937864
0.059897219433485895
0.06266515161965638
0.07211919624372837
0.061179659665789324
0.060664846272582194
0.060312387469222184
0.05840586212113718
0.06319619570254185
0.07321016819545591
0.05933253093974438
0.05970703277805555
0.05949383580280005
0.06123710884982953
0.05956954242075153
0.05821698102403511
0.0602757210659758
0.061566730735846856
0.06041314023684825
0.0594261071506521
0.05909642217616281
0.05862766947697653
0.06420395419355057
0.06198757326060017
0.06205918454548956
0.06041750624952586
0.06287120192478493
0.060048114586501056
0.06190233709024354
0.062132182053930056
0.06166433146134053
0.06055304929962741
0.061624967970599076
0.06085137862324382
0.06032276454556694
0.06031539281386597
0.06256837029639481
0.06569548683918476
0.061745702666462204
0.05856164861291817
0.058748834444116695
0.061038652651640005
0.05927102893817382
0.05924806138348769
0.05872764140872923
0.062059775874506014
0.060727371849523905
0.06159699304886476
0.058913347090845294
0.059756293673627885
0.05846965966821191
0.06043650109420643
0.05839705411969759
0.06439830955875575
0.058994567563753764
0.05928114921862941
0.06162886114373135
0.06263288328717734
0.06497919378333274
0.060490622966337185
0.05909339271212553
0.05968630885744699
0.06258486520506566
0.06097678071130724
0.058631352030861464
0.05824882392365976
0.061950163886389624
0.05929218732595157
0.0592887215695486
0.06252653352911522
0.06012389912970955
0.05992590963728058
0.061486707050583726
0.0660041030652884
0.060692355389335276
0.06080399492622995
0.06302760788332917
0.06091096212298321
0.06603421834758347
0.06441288404223806
0.06082483187293856
0.060622431203330926
0.06481797346969893
0.06513047902904433
0.061814508245201856
0.06225920905922144
0.062201853230546604
0.06063546751635148
0.06061462929267859
0.06993986993005173
0.06704928207813994
0.06320668836670514
0.06275709024932344
0.06452148685196946
0.06255724256735494
0.06367208175998212
0.06176852357706816
0.06293111595020434
0.0641061782398002
0.06950786323432033
0.06500921576254695
0.061265703965747216
0.06388846800699105
0.061015360379613484
0.06381840917601739
0.06279823737241384
0.0651832814281171
0.06376539888623346
0.061381065940027985
0.08356112998687909
0.06043301803375294
0.06344833005827344
0.06385054169543387
0.06014209487842166
0.0643143466361706
0.06097234587862765
0.061550549196742195
0.06669974812560578
0.062282958606371466
0.0644034295969664
0.06007575200180115
0.06185786622178037
0.061199367813960764
0.06224867011976503
0.062112381047960526
0.06099445892720828
0.06152511877818868
0.05891987504698166
0.06049751652508144
0.062200140240618894
0.06827106829482696
0.0621489988517523
0.06288966968939527
0.06703486598176023
0.05986178452652059
0.060544309977435325
0.0661195776666038
0.0643619563735234
0.06684044942875784
0.05874012160009757
0.05964796448897942
0.05829157031599269
0.06206007460661807
0.06520552528771464
0.058337993934020005
0.0626050864631555
0.06113031493689414
0.0660477215309991
0.06106120139243814
0.05846821823954828
0.06050148446683694
0.058245949798460546
0.0601368738591443
0.06098657539747232
0.060774608541434426
0.06532637630759687
0.06520182614985542
0.06729286732569269
0.06125466353300106
0.06376813652128552
0.06259966825454322
0.06227820685310117
0.06053408919799041
0.062383843410779294
0.05902426839950817
0.06166038693699662
0.06180727129326793
0.058853317854420946
0.06587932085602476
0.060495883999410686
0.06213173645964137
0.062296423288684614
0.07198443939007598
0.06539287208239955
0.06539307908088597
0.06242552245341204
0.05988092842135549
0.060561992732738594
0.059018652163170926
0.061211027679327644
0.062093256802539756
0.061689607592018005
0.06607274752071236
0.06308511055381617
0.20231596107815578
0.060616281676982346
0.06070656796396971
0.06469998629759234
0.06167878854746403
0.0607579394488787
0.059647956221457944
0.0590953307715414
0.059905166655921036
0.06049746586914975
0.06063551670759266
0.059595139999851686
0.06127862735477455
0.06114560779032814
0.06003510442873493
0.059199772175082745
0.06149506695472177
0.06116942780210223
0.06098844455399821
0.06403395531177451
0.0693333616221407
0.0602104346294408
0.06835800007009232
0.06430432801885115
0.05909462723994445
0.06375345887789753
0.06591493158861858
0.06144285074804696
0.059668610196034075
0.06064286077502943
0.06155998006594031
0.05957026100076973
0.06220313763404495
0.06080372415327651
0.06388569588643353
0.0762624194345155
0.05948705130623274
0.06172023749796597
0.060930545854858416
0.06181607702322507
0.06038143743911544
0.06160418932543455
0.060487534616050775
0.05962867152057155
0.05949696510091019
0.06218483415660996
0.060045147793263844
0.06052228953294175
0.06025505576907636
0.05988343465924332
0.063581156176926
0.06448180742077586
0.061023507776058854
0.060950874330536656
0.06183320694020363
0.06529081721161321
0.06056404175236757
0.06216218018036582
0.059472345445061414
0.06086203299530063
0.06367629628875124
0.06100802286704801
0.061852583291833865
0.06122620572485117
0.061031734178038526
0.06068153913477482
0.06307191650220959
0.06680953964777014
0.060081515115705565
0.062290953174989686
0.06512186796145536
0.06156627007715081
0.059507312688657006
0.06562724855099872
0.06004700488645383
0.06042994960598915
0.06551272147115733
0.05972676838496211
0.06183122524898064
0.060217950210560055
0.0634248247211412
0.06244547782931335
0.061924714901111566
0.061375448535417106
0.061080566211852746
0.06045939929013571
0.06047762571383873
0.062392998043907154
0.06031384157615341
0.06213334321011504
0.0627252967240802
0.060429013541168676
0.06357431595901646
0.061970218838594555
0.08886246052309275
0.061813023774906044
0.06475417918349949
0.06277861653474172
0.06583129964400744
0.06120156781796482
0.061686404708206674
0.062433640347992474
0.060939144757853676
0.06199890468575921
0.09014581723124401
0.060521734491073564
0.062273062393654356
0.06273601553427098
0.061977131740214825
0.05969681124774904
0.06298162231382493
0.06001793050454148
0.06130529667123997
0.0661353253017893
0.06322344655864308
0.060450161676849246
0.06323839145717675
0.07553328646136383
0.06201736246337812
0.060105453865015195
0.06194876787184093
0.06401657007286522
0.0611723263032228
0.062169240629761376
0.06078493661715746
0.06007144949752041
0.060862626329436044
0.061513119542410004
0.060527077369163074
0.062208892806772643
0.060534926051402725
0.06205246921141681
0.06213663068499631
0.059282540321431265
0.10155437825957235
0.060181003430699785
0.0605975889206935
0.07579554695542845
0.05936420137697157
0.12608347909979628
0.06076083581463342
0.06186969867709119
0.07311096749696423
0.05958541434000547
0.06242002397679942
0.06642450755577056
0.06172087810682245
0.059466539542522345
0.06437668487227247
0.06017840947135775
0.06205238247958333
0.07197109861007006
0.0797376752929479
0.060356260637179145
0.06166907854641854
0.06645739926843314
0.05965557102023424
0.06158435057577708
0.06813109753100578
0.06469312112682046
0.06672916414965602
0.061347878163236294
0.0642438531493404
0.0633491753494017
0.06255823263170102
0.06112313499075757
0.06192684220416929
0.059719143770350105
0.06381998797405397
0.06385540417163306
0.05990329668920348
0.06085676749857336
0.0660400437374215
0.06123601372634117
0.062204301523929056
0.061125225781356214
0.06162012675053941
0.06216394618597528
0.061988029182323774
0.06494361161517945
0.06447492691651575
0.06083504451513822
0.0716355570454235
0.06555131388510078
0.06665104854578965
0.06200621637262056
0.06671890774555554
0.06812080744336015
0.06576926129963728
0.06488027730238578
0.06206192697210225
0.060785452014762466
0.0609830000946572
0.0697652293789677
0.06617257351829978
0.060806811023351635
0.06114616474897818
0.06738974550148279
0.06715663436518793
0.06524997011527213
0.06022180862346218
0.06549570531639168
0.06471545580369162
0.05970856677999144
0.06310733430756514
0.06324244373034664
0.07129645719580942
0.0603787060975659
0.06052701256266955
0.06336827387305845
0.065375674080762
0.06290568304562698
0.06122661036804913
0.06258071387387334
0.06222797638928396
0.06600601722893716
0.12848321974129476
0.06257340730327164
0.06494844489438491
0.0835630646493031
0.07962281967818421
0.06351414591426026
0.06402711323027001
0.06339030074541707
0.06351920457622061
0.06460563289744495
0.06381427257035349
0.07739892011060683
0.06748868613538667
0.06642055217611914
0.060661551950617225
0.06463485433310655
0.06515422590781486
0.061396450573547
0.06013081538885112
0.06182039270605139
0.05997623894467771
0.060917196607100585
0.05976517109391223
0.060608595602194
0.06300752242971785
0.06654603317740015
0.05931452619831289
0.0649080250946535
0.061591238220819786
0.06275675027449784
0.06018513234233853
0.06331657221522757
0.06135158545086375
0.05930411641559985
0.06341674355533737
0.06366642858095167
0.07201867926075563
0.06400188801991297
0.06005906213728634
0.06449122072163777
0.06424423181129778
0.06423129593342758
0.06384172383028261
0.060814390401581826
0.06375720859929383
0.05867994595055924
0.059510834792064725
0.059267911276950996
0.06072369922130171
0.058711845046089034
0.06345265413962219
0.06246751912266945
0.06356439571220578
0.060970828237246845
0.06132149223748254
0.06386709741755864
0.06334546519087102
0.06190565050792048
0.06075618697293654
0.06937800480175299
0.059222575242680056
0.06078728638128387
0.062429054471590584
0.05889233745538318
0.06062828621480089
0.07103993943701294
0.058812755847628476
0.05993703620122994
0.058890103784519955
0.05994800421175663
0.06129295279877152
0.0656675572614112
0.058746929374836436
0.06228126842113415
0.05939006933315435
0.06156175038434107
0.06244214369021919
0.05936313107545634
0.06316407475279756
0.0703403210157135
0.06715297027724333
0.06239725632462585
0.059937731535774905
0.0607110521669584
0.06452957312768055
0.0607301660738571
0.05895969784187896
0.07009286557188772
0.06088821929296826
0.062408956322312456
0.07814276788993517
0.06427997135951934
0.08534400781477272
0.060253857027156806
0.061502968065809724
0.06256256688738111
0.062028074647809954
0.06030487525071198
0.06039850787064299
0.070316963034055
0.062218056443262615
0.06519439198527968
0.05997714209705946
0.06016597889994149
0.05991210736012636
0.06092723123935659
0.06190664488450964
0.062410766784911934
0.06060213458038653
0.070075247987179
0.06084004880723387
0.06087977434052717
0.06096300561998871
0.05997704563174988
0.06358641216976792
0.062202090087763576
0.06364282009697014
0.06374789663384905
0.05992320036644496
0.06307786244057634
0.06028009104697403
0.061133553643927654
0.05944686069547182
0.061645150377989656
0.06004118164559419
0.0595075882790132
0.06288982923120279
0.059546012388327046
0.05975237105433973
0.059394923831851194
0.06502164984804866
0.06723067342301219
0.06045186850354506
0.06062056522034353
0.06090037565187451
0.06291750430952088
0.0684847481496546
0.062445630360035136
0.0622810225489327
0.06069587148409859
0.07329028322779085
0.06523311770035857
0.06724575376053603
0.0633914006094565
0.06393113964481513
0.06937028208441522
0.06481870677559323
0.0625509247664238
0.06488605156753174
0.06300995081693873
0.08096543647431485
0.062280625304435074
0.06923717986163208
0.10080635577331398
0.06369544152923792
0.06777632484284546
0.06991040447879789
0.07174806187236925
0.06439392678051194
0.06505126522011595
0.06897866168025955
0.11957718754788114
0.07571328302236834
0.06832633891830849
0.2210788372051025
