13226.19634
13261.49185
13244.27758
13164.81776
13127.36626
13131.60017
13176.83789
13380.19176
13140.22986
13231.01789
13199.38902
13259.19269
13007.74982
13165.24095
13432.25779
13242.90336
13283.40508
13209.47350
13380.40615
13176.98188
13270.75443
13237.33717
13215.04095
13210.17890
13134.61354
13150.76159
13205.38924
13291.67545
12994.73590
13272.78879
13139.71353
13151.95800
13261.31904
13301.36523
13242.24532
13189.95852
13268.71018
13133.90636
13327.03309
13187.49509
13400.04312
13193.02080
13165.73457
13406.02596
13121.81460
13076.14106
13226.06633
13153.35620
13197.54767
13137.50768
13285.66057
13132.76123
13228.44601
13179.67221
13247.24048
13152.47460
13110.98221
13186.99121
13220.59117
13357.80271
13152.52918
13113.43033
13202.79628
13136.66317
13146.84930
13263.94442
13229.23059
13078.81247
13138.47782
13181.39081
12993.42798
13178.75974
13157.77989
13078.58967
13194.49501
13145.63316
13193.95428
13236.73152
13383.32216
13218.91566
13221.96162
13281.07125
13218.13140
13285.55850
13149.29298
13165.09136
13136.77343
13246.44544
13166.86877
13260.64686
13176.92841
13033.99347
13171.20076
13107.35152
12986.41283
13169.01799
13123.54839
13171.54307
13297.65218
13228.62817
