11036.72330
10925.63233
10914.10671
10849.46132
11006.07506
10982.24499
10934.50596
11009.91486
11007.85484
11203.28824
10965.81922
11013.38927
11013.04440
11064.60641
11009.71413
10911.78348
10958.65922
10995.37839
10887.89684
10943.51900
10902.94072
11087.87363
10908.50067
10973.82556
10956.72883
10994.61098
11013.12321
11010.06967
11033.12810
10971.62205
10904.96598
11014.67876
10942.63913
10942.21285
10882.64428
11019.84219
10970.19728
11100.41257
11060.16438
10987.65625
11141.91053
10868.38536
10960.84081
11003.35797
10981.22151
10777.69351
10889.79077
11024.76777
11037.86313
10945.62607
10865.15777
10947.55040
10942.79106
10934.64896
10931.07887
10936.67161
10911.02785
11066.15424
10910.37025
11088.91529
10881.94076
10939.58866
11021.70090
10965.53704
10972.60283
11027.35990
11063.05612
10876.38635
10950.43301
10982.58520
11014.46107
11042.25596
11030.70962
10934.82111
10990.56253
10987.91420
11084.61803
10967.58423
10816.62861
11013.01393
11035.11003
11055.16894
11029.52670
10894.40639
10991.61565
11123.93053
11064.52261
10941.68691
11116.52258
10998.06548
11062.21471
10944.27180
11099.05961
10975.82763
11004.51274
10937.07537
11001.11382
10929.60056
11035.38942
11133.27557
