11441.44207
11373.54645
11463.18238
11519.97800
11537.31029
11673.69996
11410.20019
11446.87364
11450.58823
11408.51190
11420.81429
11515.26381
11369.70642
11465.21574
11391.76001
11353.21637
11414.39530
11499.70492
11417.69507
11508.91790
11453.62832
11469.98672
11472.37450
11454.22621
11346.52264
11367.61158
11525.37819
11433.28486
11486.71809
11377.48526
11401.52675
11474.61802
11450.86852
11460.84587
11422.11523
11405.26661
11431.58497
11371.72244
11451.51992
11447.61789
11427.40789
11441.25564
11391.93501
11226.37602
11394.09794
11490.54398
11498.38908
11443.90266
11418.09254
11321.88181
11304.15538
11536.23395
11392.83971
11452.97718
11506.59228
11449.97040
11455.19725
11433.13377
11376.41697
11339.07761
11325.09289
11317.54991
11304.86866
11406.27630
11258.93540
11366.32643
11348.06618
11451.36180
11380.41358
11473.57911
11462.91991
11402.42479
11458.50082
11453.37088
11556.30369
11571.75610
11437.30551
11501.02574
11433.35639
11599.45288
11453.65861
11312.58658
11360.08049
11432.23326
11435.85312
11400.01482
11388.80179
11395.51478
11312.13582
11340.21694
11309.66758
11498.97343
11422.00074
11361.09864
11428.33912
11430.97913
11365.51000
11302.62862
11376.79130
11331.82225
