13887.25362
13885.13761
13872.65324
13823.78577
13792.15023
13808.14602
13790.06487
13969.30228
13825.93392
13844.00615
13834.00283
13865.78277
13726.50880
13786.01938
13982.33840
13855.56447
13892.75599
13823.88542
13982.76157
13821.32471
13900.70617
13830.16760
13875.50973
13844.21316
13780.96974
13755.98231
13810.18521
13897.80202
13695.74286
13894.46616
13772.93605
13788.04753
13855.01184
13918.59814
13854.84371
13819.88636
13864.41346
13795.18036
13902.44610
13824.50052
13979.13738
13831.90587
13799.64931
13973.15787
13778.63262
13758.16656
13853.04306
13792.16716
13803.35535
13792.30880
13915.79429
13824.17128
13886.76299
13792.98263
13868.30901
13825.37057
13745.39198
13802.91216
13886.67747
13906.16847
13821.58977
13746.49647
13851.70717
13809.58575
13789.46523
13831.24703
13852.78054
13748.68691
13787.60636
13810.49910
13691.59185
13840.57346
13796.15718
13750.07550
13810.80607
13779.78892
13812.00908
13859.07841
13947.81318
13837.75020
13869.39985
13897.81204
13853.93485
13862.96241
13804.67475
13800.93555
13732.77282
13851.47549
13817.94242
13876.10381
13797.11470
13687.52335
13849.94037
13787.15450
13694.49760
13805.80327
13799.47577
13825.14913
13906.19355
13880.24936
