12313.82524
12308.17878
12333.75457
12379.52821
12401.00262
12465.76257
12322.99810
12371.89615
12339.60279
12271.81483
12330.31942
12394.77424
12308.89033
12350.28162
12298.64664
12302.36046
12336.81451
12409.78157
12308.32807
12367.09233
12361.05149
12339.63948
12351.17191
12344.53760
12282.54869
12303.37639
12382.31847
12340.67679
12379.43285
12319.57633
12282.12891
12365.18629
12355.56719
12393.49568
12373.83344
12331.97215
12365.59634
12263.30312
12356.39899
12320.25553
12326.55629
12322.33500
12305.30198
12211.78979
12311.84446
12371.70673
12377.19045
12340.63703
12317.91811
12283.12396
12242.19371
12363.09560
12308.35099
12335.04164
12368.85106
12319.55668
12335.54263
12351.62258
12307.38290
12296.78925
12283.38216
12294.05717
12255.95718
12286.88503
12230.36617
12306.19627
12274.16721
12323.37619
12273.46922
12349.75047
12339.33587
12333.92056
12339.67748
12337.29234
12415.71824
12415.17763
12336.37246
12376.99600
12357.52192
12403.15807
12356.26239
12269.79149
12305.45554
12337.98810
12321.40669
12325.52879
12296.87532
12313.33959
12246.35772
12282.81364
12261.03026
12349.68531
12323.13519
12310.83337
12360.63353
12332.44035
12286.13168
12225.27445
12299.25996
12260.73651
